10000
10000001
10000002
10000003
10000004
10000005
10000006
10000007
10000008
10000009
10000010
10000011
10000012
10000013
10000014
10000015
10000016
10000017
10000018
10000019
10000020
10000021
10000022
10000023
10000024
10000025
10000026
10000027
10000028
10000029
10000030
10000031
10000032
10000033
10000034
10000035
10000036
10000037
10000038
10000039
10000040
10000041
10000042
10000043
10000044
10000045
10000046
10000047
10000048
10000049
10000050
10000051
10000052
10000053
10000054
10000055
10000056
10000057
10000058
10000059
10000060
10000061
10000062
10000063
10000064
10000065
10000066
10000067
10000068
10000069
10000070
10000071
10000072
10000073
10000074
10000075
10000076
10000077
10000078
10000079
10000080
10000081
10000082
10000083
10000084
10000085
10000086
10000087
10000088
10000089
10000090
10000091
10000092
10000093
10000094
10000095
10000096
10000097
10000098
10000099
10000100
10000101
10000102
10000103
10000104
10000105
10000106
10000107
10000108
10000109
10000110
10000111
10000112
10000113
10000114
10000115
10000116
10000117
10000118
10000119
10000120
10000121
10000122
10000123
10000124
10000125
10000126
10000127
10000128
10000129
10000130
10000131
10000132
10000133
10000134
10000135
10000136
10000137
10000138
10000139
10000140
10000141
10000142
10000143
10000144
10000145
10000146
10000147
10000148
10000149
10000150
10000151
10000152
10000153
10000154
10000155
10000156
10000157
10000158
10000159
10000160
10000161
10000162
10000163
10000164
10000165
10000166
10000167
10000168
10000169
10000170
10000171
10000172
10000173
10000174
10000175
10000176
10000177
10000178
10000179
10000180
10000181
10000182
10000183
10000184
10000185
10000186
10000187
10000188
10000189
10000190
10000191
10000192
10000193
10000194
10000195
10000196
10000197
10000198
10000199
10000200
10000201
10000202
10000203
10000204
10000205
10000206
10000207
10000208
10000209
10000210
10000211
10000212
10000213
10000214
10000215
10000216
10000217
10000218
10000219
10000220
10000221
10000222
10000223
10000224
10000225
10000226
10000227
10000228
10000229
10000230
10000231
10000232
10000233
10000234
10000235
10000236
10000237
10000238
10000239
10000240
10000241
10000242
10000243
10000244
10000245
10000246
10000247
10000248
10000249
10000250
10000251
10000252
10000253
10000254
10000255
10000256
10000257
10000258
10000259
10000260
10000261
10000262
10000263
10000264
10000265
10000266
10000267
10000268
10000269
10000270
10000271
10000272
10000273
10000274
10000275
10000276
10000277
10000278
10000279
10000280
10000281
10000282
10000283
10000284
10000285
10000286
10000287
10000288
10000289
10000290
10000291
10000292
10000293
10000294
10000295
10000296
10000297
10000298
10000299
10000300
10000301
10000302
10000303
10000304
10000305
10000306
10000307
10000308
10000309
10000310
10000311
10000312
10000313
10000314
10000315
10000316
10000317
10000318
10000319
10000320
10000321
10000322
10000323
10000324
10000325
10000326
10000327
10000328
10000329
10000330
10000331
10000332
10000333
10000334
10000335
10000336
10000337
10000338
10000339
10000340
10000341
10000342
10000343
10000344
10000345
10000346
10000347
10000348
10000349
10000350
10000351
10000352
10000353
10000354
10000355
10000356
10000357
10000358
10000359
10000360
10000361
10000362
10000363
10000364
10000365
10000366
10000367
10000368
10000369
10000370
10000371
10000372
10000373
10000374
10000375
10000376
10000377
10000378
10000379
10000380
10000381
10000382
10000383
10000384
10000385
10000386
10000387
10000388
10000389
10000390
10000391
10000392
10000393
10000394
10000395
10000396
10000397
10000398
10000399
10000400
10000401
10000402
10000403
10000404
10000405
10000406
10000407
10000408
10000409
10000410
10000411
10000412
10000413
10000414
10000415
10000416
10000417
10000418
10000419
10000420
10000421
10000422
10000423
10000424
10000425
10000426
10000427
10000428
10000429
10000430
10000431
10000432
10000433
10000434
10000435
10000436
10000437
10000438
10000439
10000440
10000441
10000442
10000443
10000444
10000445
10000446
10000447
10000448
10000449
10000450
10000451
10000452
10000453
10000454
10000455
10000456
10000457
10000458
10000459
10000460
10000461
10000462
10000463
10000464
10000465
10000466
10000467
10000468
10000469
10000470
10000471
10000472
10000473
10000474
10000475
10000476
10000477
10000478
10000479
10000480
10000481
10000482
10000483
10000484
10000485
10000486
10000487
10000488
10000489
10000490
10000491
10000492
10000493
10000494
10000495
10000496
10000497
10000498
10000499
10000500
10000501
10000502
10000503
10000504
10000505
10000506
10000507
10000508
10000509
10000510
10000511
10000512
10000513
10000514
10000515
10000516
10000517
10000518
10000519
10000520
10000521
10000522
10000523
10000524
10000525
10000526
10000527
10000528
10000529
10000530
10000531
10000532
10000533
10000534
10000535
10000536
10000537
10000538
10000539
10000540
10000541
10000542
10000543
10000544
10000545
10000546
10000547
10000548
10000549
10000550
10000551
10000552
10000553
10000554
10000555
10000556
10000557
10000558
10000559
10000560
10000561
10000562
10000563
10000564
10000565
10000566
10000567
10000568
10000569
10000570
10000571
10000572
10000573
10000574
10000575
10000576
10000577
10000578
10000579
10000580
10000581
10000582
10000583
10000584
10000585
10000586
10000587
10000588
10000589
10000590
10000591
10000592
10000593
10000594
10000595
10000596
10000597
10000598
10000599
10000600
10000601
10000602
10000603
10000604
10000605
10000606
10000607
10000608
10000609
10000610
10000611
10000612
10000613
10000614
10000615
10000616
10000617
10000618
10000619
10000620
10000621
10000622
10000623
10000624
10000625
10000626
10000627
10000628
10000629
10000630
10000631
10000632
10000633
10000634
10000635
10000636
10000637
10000638
10000639
10000640
10000641
10000642
10000643
10000644
10000645
10000646
10000647
10000648
10000649
10000650
10000651
10000652
10000653
10000654
10000655
10000656
10000657
10000658
10000659
10000660
10000661
10000662
10000663
10000664
10000665
10000666
10000667
10000668
10000669
10000670
10000671
10000672
10000673
10000674
10000675
10000676
10000677
10000678
10000679
10000680
10000681
10000682
10000683
10000684
10000685
10000686
10000687
10000688
10000689
10000690
10000691
10000692
10000693
10000694
10000695
10000696
10000697
10000698
10000699
10000700
10000701
10000702
10000703
10000704
10000705
10000706
10000707
10000708
10000709
10000710
10000711
10000712
10000713
10000714
10000715
10000716
10000717
10000718
10000719
10000720
10000721
10000722
10000723
10000724
10000725
10000726
10000727
10000728
10000729
10000730
10000731
10000732
10000733
10000734
10000735
10000736
10000737
10000738
10000739
10000740
10000741
10000742
10000743
10000744
10000745
10000746
10000747
10000748
10000749
10000750
10000751
10000752
10000753
10000754
10000755
10000756
10000757
10000758
10000759
10000760
10000761
10000762
10000763
10000764
10000765
10000766
10000767
10000768
10000769
10000770
10000771
10000772
10000773
10000774
10000775
10000776
10000777
10000778
10000779
10000780
10000781
10000782
10000783
10000784
10000785
10000786
10000787
10000788
10000789
10000790
10000791
10000792
10000793
10000794
10000795
10000796
10000797
10000798
10000799
10000800
10000801
10000802
10000803
10000804
10000805
10000806
10000807
10000808
10000809
10000810
10000811
10000812
10000813
10000814
10000815
10000816
10000817
10000818
10000819
10000820
10000821
10000822
10000823
10000824
10000825
10000826
10000827
10000828
10000829
10000830
10000831
10000832
10000833
10000834
10000835
10000836
10000837
10000838
10000839
10000840
10000841
10000842
10000843
10000844
10000845
10000846
10000847
10000848
10000849
10000850
10000851
10000852
10000853
10000854
10000855
10000856
10000857
10000858
10000859
10000860
10000861
10000862
10000863
10000864
10000865
10000866
10000867
10000868
10000869
10000870
10000871
10000872
10000873
10000874
10000875
10000876
10000877
10000878
10000879
10000880
10000881
10000882
10000883
10000884
10000885
10000886
10000887
10000888
10000889
10000890
10000891
10000892
10000893
10000894
10000895
10000896
10000897
10000898
10000899
10000900
10000901
10000902
10000903
10000904
10000905
10000906
10000907
10000908
10000909
10000910
10000911
10000912
10000913
10000914
10000915
10000916
10000917
10000918
10000919
10000920
10000921
10000922
10000923
10000924
10000925
10000926
10000927
10000928
10000929
10000930
10000931
10000932
10000933
10000934
10000935
10000936
10000937
10000938
10000939
10000940
10000941
10000942
10000943
10000944
10000945
10000946
10000947
10000948
10000949
10000950
10000951
10000952
10000953
10000954
10000955
10000956
10000957
10000958
10000959
10000960
10000961
10000962
10000963
10000964
10000965
10000966
10000967
10000968
10000969
10000970
10000971
10000972
10000973
10000974
10000975
10000976
10000977
10000978
10000979
10000980
10000981
10000982
10000983
10000984
10000985
10000986
10000987
10000988
10000989
10000990
10000991
10000992
10000993
10000994
10000995
10000996
10000997
10000998
10000999
10001000
10001001
10001002
10001003
10001004
10001005
10001006
10001007
10001008
10001009
10001010
10001011
10001012
10001013
10001014
10001015
10001016
10001017
10001018
10001019
10001020
10001021
10001022
10001023
10001024
10001025
10001026
10001027
10001028
10001029
10001030
10001031
10001032
10001033
10001034
10001035
10001036
10001037
10001038
10001039
10001040
10001041
10001042
10001043
10001044
10001045
10001046
10001047
10001048
10001049
10001050
10001051
10001052
10001053
10001054
10001055
10001056
10001057
10001058
10001059
10001060
10001061
10001062
10001063
10001064
10001065
10001066
10001067
10001068
10001069
10001070
10001071
10001072
10001073
10001074
10001075
10001076
10001077
10001078
10001079
10001080
10001081
10001082
10001083
10001084
10001085
10001086
10001087
10001088
10001089
10001090
10001091
10001092
10001093
10001094
10001095
10001096
10001097
10001098
10001099
10001100
10001101
10001102
10001103
10001104
10001105
10001106
10001107
10001108
10001109
10001110
10001111
10001112
10001113
10001114
10001115
10001116
10001117
10001118
10001119
10001120
10001121
10001122
10001123
10001124
10001125
10001126
10001127
10001128
10001129
10001130
10001131
10001132
10001133
10001134
10001135
10001136
10001137
10001138
10001139
10001140
10001141
10001142
10001143
10001144
10001145
10001146
10001147
10001148
10001149
10001150
10001151
10001152
10001153
10001154
10001155
10001156
10001157
10001158
10001159
10001160
10001161
10001162
10001163
10001164
10001165
10001166
10001167
10001168
10001169
10001170
10001171
10001172
10001173
10001174
10001175
10001176
10001177
10001178
10001179
10001180
10001181
10001182
10001183
10001184
10001185
10001186
10001187
10001188
10001189
10001190
10001191
10001192
10001193
10001194
10001195
10001196
10001197
10001198
10001199
10001200
10001201
10001202
10001203
10001204
10001205
10001206
10001207
10001208
10001209
10001210
10001211
10001212
10001213
10001214
10001215
10001216
10001217
10001218
10001219
10001220
10001221
10001222
10001223
10001224
10001225
10001226
10001227
10001228
10001229
10001230
10001231
10001232
10001233
10001234
10001235
10001236
10001237
10001238
10001239
10001240
10001241
10001242
10001243
10001244
10001245
10001246
10001247
10001248
10001249
10001250
10001251
10001252
10001253
10001254
10001255
10001256
10001257
10001258
10001259
10001260
10001261
10001262
10001263
10001264
10001265
10001266
10001267
10001268
10001269
10001270
10001271
10001272
10001273
10001274
10001275
10001276
10001277
10001278
10001279
10001280
10001281
10001282
10001283
10001284
10001285
10001286
10001287
10001288
10001289
10001290
10001291
10001292
10001293
10001294
10001295
10001296
10001297
10001298
10001299
10001300
10001301
10001302
10001303
10001304
10001305
10001306
10001307
10001308
10001309
10001310
10001311
10001312
10001313
10001314
10001315
10001316
10001317
10001318
10001319
10001320
10001321
10001322
10001323
10001324
10001325
10001326
10001327
10001328
10001329
10001330
10001331
10001332
10001333
10001334
10001335
10001336
10001337
10001338
10001339
10001340
10001341
10001342
10001343
10001344
10001345
10001346
10001347
10001348
10001349
10001350
10001351
10001352
10001353
10001354
10001355
10001356
10001357
10001358
10001359
10001360
10001361
10001362
10001363
10001364
10001365
10001366
10001367
10001368
10001369
10001370
10001371
10001372
10001373
10001374
10001375
10001376
10001377
10001378
10001379
10001380
10001381
10001382
10001383
10001384
10001385
10001386
10001387
10001388
10001389
10001390
10001391
10001392
10001393
10001394
10001395
10001396
10001397
10001398
10001399
10001400
10001401
10001402
10001403
10001404
10001405
10001406
10001407
10001408
10001409
10001410
10001411
10001412
10001413
10001414
10001415
10001416
10001417
10001418
10001419
10001420
10001421
10001422
10001423
10001424
10001425
10001426
10001427
10001428
10001429
10001430
10001431
10001432
10001433
10001434
10001435
10001436
10001437
10001438
10001439
10001440
10001441
10001442
10001443
10001444
10001445
10001446
10001447
10001448
10001449
10001450
10001451
10001452
10001453
10001454
10001455
10001456
10001457
10001458
10001459
10001460
10001461
10001462
10001463
10001464
10001465
10001466
10001467
10001468
10001469
10001470
10001471
10001472
10001473
10001474
10001475
10001476
10001477
10001478
10001479
10001480
10001481
10001482
10001483
10001484
10001485
10001486
10001487
10001488
10001489
10001490
10001491
10001492
10001493
10001494
10001495
10001496
10001497
10001498
10001499
10001500
10001501
10001502
10001503
10001504
10001505
10001506
10001507
10001508
10001509
10001510
10001511
10001512
10001513
10001514
10001515
10001516
10001517
10001518
10001519
10001520
10001521
10001522
10001523
10001524
10001525
10001526
10001527
10001528
10001529
10001530
10001531
10001532
10001533
10001534
10001535
10001536
10001537
10001538
10001539
10001540
10001541
10001542
10001543
10001544
10001545
10001546
10001547
10001548
10001549
10001550
10001551
10001552
10001553
10001554
10001555
10001556
10001557
10001558
10001559
10001560
10001561
10001562
10001563
10001564
10001565
10001566
10001567
10001568
10001569
10001570
10001571
10001572
10001573
10001574
10001575
10001576
10001577
10001578
10001579
10001580
10001581
10001582
10001583
10001584
10001585
10001586
10001587
10001588
10001589
10001590
10001591
10001592
10001593
10001594
10001595
10001596
10001597
10001598
10001599
10001600
10001601
10001602
10001603
10001604
10001605
10001606
10001607
10001608
10001609
10001610
10001611
10001612
10001613
10001614
10001615
10001616
10001617
10001618
10001619
10001620
10001621
10001622
10001623
10001624
10001625
10001626
10001627
10001628
10001629
10001630
10001631
10001632
10001633
10001634
10001635
10001636
10001637
10001638
10001639
10001640
10001641
10001642
10001643
10001644
10001645
10001646
10001647
10001648
10001649
10001650
10001651
10001652
10001653
10001654
10001655
10001656
10001657
10001658
10001659
10001660
10001661
10001662
10001663
10001664
10001665
10001666
10001667
10001668
10001669
10001670
10001671
10001672
10001673
10001674
10001675
10001676
10001677
10001678
10001679
10001680
10001681
10001682
10001683
10001684
10001685
10001686
10001687
10001688
10001689
10001690
10001691
10001692
10001693
10001694
10001695
10001696
10001697
10001698
10001699
10001700
10001701
10001702
10001703
10001704
10001705
10001706
10001707
10001708
10001709
10001710
10001711
10001712
10001713
10001714
10001715
10001716
10001717
10001718
10001719
10001720
10001721
10001722
10001723
10001724
10001725
10001726
10001727
10001728
10001729
10001730
10001731
10001732
10001733
10001734
10001735
10001736
10001737
10001738
10001739
10001740
10001741
10001742
10001743
10001744
10001745
10001746
10001747
10001748
10001749
10001750
10001751
10001752
10001753
10001754
10001755
10001756
10001757
10001758
10001759
10001760
10001761
10001762
10001763
10001764
10001765
10001766
10001767
10001768
10001769
10001770
10001771
10001772
10001773
10001774
10001775
10001776
10001777
10001778
10001779
10001780
10001781
10001782
10001783
10001784
10001785
10001786
10001787
10001788
10001789
10001790
10001791
10001792
10001793
10001794
10001795
10001796
10001797
10001798
10001799
10001800
10001801
10001802
10001803
10001804
10001805
10001806
10001807
10001808
10001809
10001810
10001811
10001812
10001813
10001814
10001815
10001816
10001817
10001818
10001819
10001820
10001821
10001822
10001823
10001824
10001825
10001826
10001827
10001828
10001829
10001830
10001831
10001832
10001833
10001834
10001835
10001836
10001837
10001838
10001839
10001840
10001841
10001842
10001843
10001844
10001845
10001846
10001847
10001848
10001849
10001850
10001851
10001852
10001853
10001854
10001855
10001856
10001857
10001858
10001859
10001860
10001861
10001862
10001863
10001864
10001865
10001866
10001867
10001868
10001869
10001870
10001871
10001872
10001873
10001874
10001875
10001876
10001877
10001878
10001879
10001880
10001881
10001882
10001883
10001884
10001885
10001886
10001887
10001888
10001889
10001890
10001891
10001892
10001893
10001894
10001895
10001896
10001897
10001898
10001899
10001900
10001901
10001902
10001903
10001904
10001905
10001906
10001907
10001908
10001909
10001910
10001911
10001912
10001913
10001914
10001915
10001916
10001917
10001918
10001919
10001920
10001921
10001922
10001923
10001924
10001925
10001926
10001927
10001928
10001929
10001930
10001931
10001932
10001933
10001934
10001935
10001936
10001937
10001938
10001939
10001940
10001941
10001942
10001943
10001944
10001945
10001946
10001947
10001948
10001949
10001950
10001951
10001952
10001953
10001954
10001955
10001956
10001957
10001958
10001959
10001960
10001961
10001962
10001963
10001964
10001965
10001966
10001967
10001968
10001969
10001970
10001971
10001972
10001973
10001974
10001975
10001976
10001977
10001978
10001979
10001980
10001981
10001982
10001983
10001984
10001985
10001986
10001987
10001988
10001989
10001990
10001991
10001992
10001993
10001994
10001995
10001996
10001997
10001998
10001999
10002000
10002001
10002002
10002003
10002004
10002005
10002006
10002007
10002008
10002009
10002010
10002011
10002012
10002013
10002014
10002015
10002016
10002017
10002018
10002019
10002020
10002021
10002022
10002023
10002024
10002025
10002026
10002027
10002028
10002029
10002030
10002031
10002032
10002033
10002034
10002035
10002036
10002037
10002038
10002039
10002040
10002041
10002042
10002043
10002044
10002045
10002046
10002047
10002048
10002049
10002050
10002051
10002052
10002053
10002054
10002055
10002056
10002057
10002058
10002059
10002060
10002061
10002062
10002063
10002064
10002065
10002066
10002067
10002068
10002069
10002070
10002071
10002072
10002073
10002074
10002075
10002076
10002077
10002078
10002079
10002080
10002081
10002082
10002083
10002084
10002085
10002086
10002087
10002088
10002089
10002090
10002091
10002092
10002093
10002094
10002095
10002096
10002097
10002098
10002099
10002100
10002101
10002102
10002103
10002104
10002105
10002106
10002107
10002108
10002109
10002110
10002111
10002112
10002113
10002114
10002115
10002116
10002117
10002118
10002119
10002120
10002121
10002122
10002123
10002124
10002125
10002126
10002127
10002128
10002129
10002130
10002131
10002132
10002133
10002134
10002135
10002136
10002137
10002138
10002139
10002140
10002141
10002142
10002143
10002144
10002145
10002146
10002147
10002148
10002149
10002150
10002151
10002152
10002153
10002154
10002155
10002156
10002157
10002158
10002159
10002160
10002161
10002162
10002163
10002164
10002165
10002166
10002167
10002168
10002169
10002170
10002171
10002172
10002173
10002174
10002175
10002176
10002177
10002178
10002179
10002180
10002181
10002182
10002183
10002184
10002185
10002186
10002187
10002188
10002189
10002190
10002191
10002192
10002193
10002194
10002195
10002196
10002197
10002198
10002199
10002200
10002201
10002202
10002203
10002204
10002205
10002206
10002207
10002208
10002209
10002210
10002211
10002212
10002213
10002214
10002215
10002216
10002217
10002218
10002219
10002220
10002221
10002222
10002223
10002224
10002225
10002226
10002227
10002228
10002229
10002230
10002231
10002232
10002233
10002234
10002235
10002236
10002237
10002238
10002239
10002240
10002241
10002242
10002243
10002244
10002245
10002246
10002247
10002248
10002249
10002250
10002251
10002252
10002253
10002254
10002255
10002256
10002257
10002258
10002259
10002260
10002261
10002262
10002263
10002264
10002265
10002266
10002267
10002268
10002269
10002270
10002271
10002272
10002273
10002274
10002275
10002276
10002277
10002278
10002279
10002280
10002281
10002282
10002283
10002284
10002285
10002286
10002287
10002288
10002289
10002290
10002291
10002292
10002293
10002294
10002295
10002296
10002297
10002298
10002299
10002300
10002301
10002302
10002303
10002304
10002305
10002306
10002307
10002308
10002309
10002310
10002311
10002312
10002313
10002314
10002315
10002316
10002317
10002318
10002319
10002320
10002321
10002322
10002323
10002324
10002325
10002326
10002327
10002328
10002329
10002330
10002331
10002332
10002333
10002334
10002335
10002336
10002337
10002338
10002339
10002340
10002341
10002342
10002343
10002344
10002345
10002346
10002347
10002348
10002349
10002350
10002351
10002352
10002353
10002354
10002355
10002356
10002357
10002358
10002359
10002360
10002361
10002362
10002363
10002364
10002365
10002366
10002367
10002368
10002369
10002370
10002371
10002372
10002373
10002374
10002375
10002376
10002377
10002378
10002379
10002380
10002381
10002382
10002383
10002384
10002385
10002386
10002387
10002388
10002389
10002390
10002391
10002392
10002393
10002394
10002395
10002396
10002397
10002398
10002399
10002400
10002401
10002402
10002403
10002404
10002405
10002406
10002407
10002408
10002409
10002410
10002411
10002412
10002413
10002414
10002415
10002416
10002417
10002418
10002419
10002420
10002421
10002422
10002423
10002424
10002425
10002426
10002427
10002428
10002429
10002430
10002431
10002432
10002433
10002434
10002435
10002436
10002437
10002438
10002439
10002440
10002441
10002442
10002443
10002444
10002445
10002446
10002447
10002448
10002449
10002450
10002451
10002452
10002453
10002454
10002455
10002456
10002457
10002458
10002459
10002460
10002461
10002462
10002463
10002464
10002465
10002466
10002467
10002468
10002469
10002470
10002471
10002472
10002473
10002474
10002475
10002476
10002477
10002478
10002479
10002480
10002481
10002482
10002483
10002484
10002485
10002486
10002487
10002488
10002489
10002490
10002491
10002492
10002493
10002494
10002495
10002496
10002497
10002498
10002499
10002500
10002501
10002502
10002503
10002504
10002505
10002506
10002507
10002508
10002509
10002510
10002511
10002512
10002513
10002514
10002515
10002516
10002517
10002518
10002519
10002520
10002521
10002522
10002523
10002524
10002525
10002526
10002527
10002528
10002529
10002530
10002531
10002532
10002533
10002534
10002535
10002536
10002537
10002538
10002539
10002540
10002541
10002542
10002543
10002544
10002545
10002546
10002547
10002548
10002549
10002550
10002551
10002552
10002553
10002554
10002555
10002556
10002557
10002558
10002559
10002560
10002561
10002562
10002563
10002564
10002565
10002566
10002567
10002568
10002569
10002570
10002571
10002572
10002573
10002574
10002575
10002576
10002577
10002578
10002579
10002580
10002581
10002582
10002583
10002584
10002585
10002586
10002587
10002588
10002589
10002590
10002591
10002592
10002593
10002594
10002595
10002596
10002597
10002598
10002599
10002600
10002601
10002602
10002603
10002604
10002605
10002606
10002607
10002608
10002609
10002610
10002611
10002612
10002613
10002614
10002615
10002616
10002617
10002618
10002619
10002620
10002621
10002622
10002623
10002624
10002625
10002626
10002627
10002628
10002629
10002630
10002631
10002632
10002633
10002634
10002635
10002636
10002637
10002638
10002639
10002640
10002641
10002642
10002643
10002644
10002645
10002646
10002647
10002648
10002649
10002650
10002651
10002652
10002653
10002654
10002655
10002656
10002657
10002658
10002659
10002660
10002661
10002662
10002663
10002664
10002665
10002666
10002667
10002668
10002669
10002670
10002671
10002672
10002673
10002674
10002675
10002676
10002677
10002678
10002679
10002680
10002681
10002682
10002683
10002684
10002685
10002686
10002687
10002688
10002689
10002690
10002691
10002692
10002693
10002694
10002695
10002696
10002697
10002698
10002699
10002700
10002701
10002702
10002703
10002704
10002705
10002706
10002707
10002708
10002709
10002710
10002711
10002712
10002713
10002714
10002715
10002716
10002717
10002718
10002719
10002720
10002721
10002722
10002723
10002724
10002725
10002726
10002727
10002728
10002729
10002730
10002731
10002732
10002733
10002734
10002735
10002736
10002737
10002738
10002739
10002740
10002741
10002742
10002743
10002744
10002745
10002746
10002747
10002748
10002749
10002750
10002751
10002752
10002753
10002754
10002755
10002756
10002757
10002758
10002759
10002760
10002761
10002762
10002763
10002764
10002765
10002766
10002767
10002768
10002769
10002770
10002771
10002772
10002773
10002774
10002775
10002776
10002777
10002778
10002779
10002780
10002781
10002782
10002783
10002784
10002785
10002786
10002787
10002788
10002789
10002790
10002791
10002792
10002793
10002794
10002795
10002796
10002797
10002798
10002799
10002800
10002801
10002802
10002803
10002804
10002805
10002806
10002807
10002808
10002809
10002810
10002811
10002812
10002813
10002814
10002815
10002816
10002817
10002818
10002819
10002820
10002821
10002822
10002823
10002824
10002825
10002826
10002827
10002828
10002829
10002830
10002831
10002832
10002833
10002834
10002835
10002836
10002837
10002838
10002839
10002840
10002841
10002842
10002843
10002844
10002845
10002846
10002847
10002848
10002849
10002850
10002851
10002852
10002853
10002854
10002855
10002856
10002857
10002858
10002859
10002860
10002861
10002862
10002863
10002864
10002865
10002866
10002867
10002868
10002869
10002870
10002871
10002872
10002873
10002874
10002875
10002876
10002877
10002878
10002879
10002880
10002881
10002882
10002883
10002884
10002885
10002886
10002887
10002888
10002889
10002890
10002891
10002892
10002893
10002894
10002895
10002896
10002897
10002898
10002899
10002900
10002901
10002902
10002903
10002904
10002905
10002906
10002907
10002908
10002909
10002910
10002911
10002912
10002913
10002914
10002915
10002916
10002917
10002918
10002919
10002920
10002921
10002922
10002923
10002924
10002925
10002926
10002927
10002928
10002929
10002930
10002931
10002932
10002933
10002934
10002935
10002936
10002937
10002938
10002939
10002940
10002941
10002942
10002943
10002944
10002945
10002946
10002947
10002948
10002949
10002950
10002951
10002952
10002953
10002954
10002955
10002956
10002957
10002958
10002959
10002960
10002961
10002962
10002963
10002964
10002965
10002966
10002967
10002968
10002969
10002970
10002971
10002972
10002973
10002974
10002975
10002976
10002977
10002978
10002979
10002980
10002981
10002982
10002983
10002984
10002985
10002986
10002987
10002988
10002989
10002990
10002991
10002992
10002993
10002994
10002995
10002996
10002997
10002998
10002999
10003000
10003001
10003002
10003003
10003004
10003005
10003006
10003007
10003008
10003009
10003010
10003011
10003012
10003013
10003014
10003015
10003016
10003017
10003018
10003019
10003020
10003021
10003022
10003023
10003024
10003025
10003026
10003027
10003028
10003029
10003030
10003031
10003032
10003033
10003034
10003035
10003036
10003037
10003038
10003039
10003040
10003041
10003042
10003043
10003044
10003045
10003046
10003047
10003048
10003049
10003050
10003051
10003052
10003053
10003054
10003055
10003056
10003057
10003058
10003059
10003060
10003061
10003062
10003063
10003064
10003065
10003066
10003067
10003068
10003069
10003070
10003071
10003072
10003073
10003074
10003075
10003076
10003077
10003078
10003079
10003080
10003081
10003082
10003083
10003084
10003085
10003086
10003087
10003088
10003089
10003090
10003091
10003092
10003093
10003094
10003095
10003096
10003097
10003098
10003099
10003100
10003101
10003102
10003103
10003104
10003105
10003106
10003107
10003108
10003109
10003110
10003111
10003112
10003113
10003114
10003115
10003116
10003117
10003118
10003119
10003120
10003121
10003122
10003123
10003124
10003125
10003126
10003127
10003128
10003129
10003130
10003131
10003132
10003133
10003134
10003135
10003136
10003137
10003138
10003139
10003140
10003141
10003142
10003143
10003144
10003145
10003146
10003147
10003148
10003149
10003150
10003151
10003152
10003153
10003154
10003155
10003156
10003157
10003158
10003159
10003160
10003161
10003162
10003163
10003164
10003165
10003166
10003167
10003168
10003169
10003170
10003171
10003172
10003173
10003174
10003175
10003176
10003177
10003178
10003179
10003180
10003181
10003182
10003183
10003184
10003185
10003186
10003187
10003188
10003189
10003190
10003191
10003192
10003193
10003194
10003195
10003196
10003197
10003198
10003199
10003200
10003201
10003202
10003203
10003204
10003205
10003206
10003207
10003208
10003209
10003210
10003211
10003212
10003213
10003214
10003215
10003216
10003217
10003218
10003219
10003220
10003221
10003222
10003223
10003224
10003225
10003226
10003227
10003228
10003229
10003230
10003231
10003232
10003233
10003234
10003235
10003236
10003237
10003238
10003239
10003240
10003241
10003242
10003243
10003244
10003245
10003246
10003247
10003248
10003249
10003250
10003251
10003252
10003253
10003254
10003255
10003256
10003257
10003258
10003259
10003260
10003261
10003262
10003263
10003264
10003265
10003266
10003267
10003268
10003269
10003270
10003271
10003272
10003273
10003274
10003275
10003276
10003277
10003278
10003279
10003280
10003281
10003282
10003283
10003284
10003285
10003286
10003287
10003288
10003289
10003290
10003291
10003292
10003293
10003294
10003295
10003296
10003297
10003298
10003299
10003300
10003301
10003302
10003303
10003304
10003305
10003306
10003307
10003308
10003309
10003310
10003311
10003312
10003313
10003314
10003315
10003316
10003317
10003318
10003319
10003320
10003321
10003322
10003323
10003324
10003325
10003326
10003327
10003328
10003329
10003330
10003331
10003332
10003333
10003334
10003335
10003336
10003337
10003338
10003339
10003340
10003341
10003342
10003343
10003344
10003345
10003346
10003347
10003348
10003349
10003350
10003351
10003352
10003353
10003354
10003355
10003356
10003357
10003358
10003359
10003360
10003361
10003362
10003363
10003364
10003365
10003366
10003367
10003368
10003369
10003370
10003371
10003372
10003373
10003374
10003375
10003376
10003377
10003378
10003379
10003380
10003381
10003382
10003383
10003384
10003385
10003386
10003387
10003388
10003389
10003390
10003391
10003392
10003393
10003394
10003395
10003396
10003397
10003398
10003399
10003400
10003401
10003402
10003403
10003404
10003405
10003406
10003407
10003408
10003409
10003410
10003411
10003412
10003413
10003414
10003415
10003416
10003417
10003418
10003419
10003420
10003421
10003422
10003423
10003424
10003425
10003426
10003427
10003428
10003429
10003430
10003431
10003432
10003433
10003434
10003435
10003436
10003437
10003438
10003439
10003440
10003441
10003442
10003443
10003444
10003445
10003446
10003447
10003448
10003449
10003450
10003451
10003452
10003453
10003454
10003455
10003456
10003457
10003458
10003459
10003460
10003461
10003462
10003463
10003464
10003465
10003466
10003467
10003468
10003469
10003470
10003471
10003472
10003473
10003474
10003475
10003476
10003477
10003478
10003479
10003480
10003481
10003482
10003483
10003484
10003485
10003486
10003487
10003488
10003489
10003490
10003491
10003492
10003493
10003494
10003495
10003496
10003497
10003498
10003499
10003500
10003501
10003502
10003503
10003504
10003505
10003506
10003507
10003508
10003509
10003510
10003511
10003512
10003513
10003514
10003515
10003516
10003517
10003518
10003519
10003520
10003521
10003522
10003523
10003524
10003525
10003526
10003527
10003528
10003529
10003530
10003531
10003532
10003533
10003534
10003535
10003536
10003537
10003538
10003539
10003540
10003541
10003542
10003543
10003544
10003545
10003546
10003547
10003548
10003549
10003550
10003551
10003552
10003553
10003554
10003555
10003556
10003557
10003558
10003559
10003560
10003561
10003562
10003563
10003564
10003565
10003566
10003567
10003568
10003569
10003570
10003571
10003572
10003573
10003574
10003575
10003576
10003577
10003578
10003579
10003580
10003581
10003582
10003583
10003584
10003585
10003586
10003587
10003588
10003589
10003590
10003591
10003592
10003593
10003594
10003595
10003596
10003597
10003598
10003599
10003600
10003601
10003602
10003603
10003604
10003605
10003606
10003607
10003608
10003609
10003610
10003611
10003612
10003613
10003614
10003615
10003616
10003617
10003618
10003619
10003620
10003621
10003622
10003623
10003624
10003625
10003626
10003627
10003628
10003629
10003630
10003631
10003632
10003633
10003634
10003635
10003636
10003637
10003638
10003639
10003640
10003641
10003642
10003643
10003644
10003645
10003646
10003647
10003648
10003649
10003650
10003651
10003652
10003653
10003654
10003655
10003656
10003657
10003658
10003659
10003660
10003661
10003662
10003663
10003664
10003665
10003666
10003667
10003668
10003669
10003670
10003671
10003672
10003673
10003674
10003675
10003676
10003677
10003678
10003679
10003680
10003681
10003682
10003683
10003684
10003685
10003686
10003687
10003688
10003689
10003690
10003691
10003692
10003693
10003694
10003695
10003696
10003697
10003698
10003699
10003700
10003701
10003702
10003703
10003704
10003705
10003706
10003707
10003708
10003709
10003710
10003711
10003712
10003713
10003714
10003715
10003716
10003717
10003718
10003719
10003720
10003721
10003722
10003723
10003724
10003725
10003726
10003727
10003728
10003729
10003730
10003731
10003732
10003733
10003734
10003735
10003736
10003737
10003738
10003739
10003740
10003741
10003742
10003743
10003744
10003745
10003746
10003747
10003748
10003749
10003750
10003751
10003752
10003753
10003754
10003755
10003756
10003757
10003758
10003759
10003760
10003761
10003762
10003763
10003764
10003765
10003766
10003767
10003768
10003769
10003770
10003771
10003772
10003773
10003774
10003775
10003776
10003777
10003778
10003779
10003780
10003781
10003782
10003783
10003784
10003785
10003786
10003787
10003788
10003789
10003790
10003791
10003792
10003793
10003794
10003795
10003796
10003797
10003798
10003799
10003800
10003801
10003802
10003803
10003804
10003805
10003806
10003807
10003808
10003809
10003810
10003811
10003812
10003813
10003814
10003815
10003816
10003817
10003818
10003819
10003820
10003821
10003822
10003823
10003824
10003825
10003826
10003827
10003828
10003829
10003830
10003831
10003832
10003833
10003834
10003835
10003836
10003837
10003838
10003839
10003840
10003841
10003842
10003843
10003844
10003845
10003846
10003847
10003848
10003849
10003850
10003851
10003852
10003853
10003854
10003855
10003856
10003857
10003858
10003859
10003860
10003861
10003862
10003863
10003864
10003865
10003866
10003867
10003868
10003869
10003870
10003871
10003872
10003873
10003874
10003875
10003876
10003877
10003878
10003879
10003880
10003881
10003882
10003883
10003884
10003885
10003886
10003887
10003888
10003889
10003890
10003891
10003892
10003893
10003894
10003895
10003896
10003897
10003898
10003899
10003900
10003901
10003902
10003903
10003904
10003905
10003906
10003907
10003908
10003909
10003910
10003911
10003912
10003913
10003914
10003915
10003916
10003917
10003918
10003919
10003920
10003921
10003922
10003923
10003924
10003925
10003926
10003927
10003928
10003929
10003930
10003931
10003932
10003933
10003934
10003935
10003936
10003937
10003938
10003939
10003940
10003941
10003942
10003943
10003944
10003945
10003946
10003947
10003948
10003949
10003950
10003951
10003952
10003953
10003954
10003955
10003956
10003957
10003958
10003959
10003960
10003961
10003962
10003963
10003964
10003965
10003966
10003967
10003968
10003969
10003970
10003971
10003972
10003973
10003974
10003975
10003976
10003977
10003978
10003979
10003980
10003981
10003982
10003983
10003984
10003985
10003986
10003987
10003988
10003989
10003990
10003991
10003992
10003993
10003994
10003995
10003996
10003997
10003998
10003999
10004000
10004001
10004002
10004003
10004004
10004005
10004006
10004007
10004008
10004009
10004010
10004011
10004012
10004013
10004014
10004015
10004016
10004017
10004018
10004019
10004020
10004021
10004022
10004023
10004024
10004025
10004026
10004027
10004028
10004029
10004030
10004031
10004032
10004033
10004034
10004035
10004036
10004037
10004038
10004039
10004040
10004041
10004042
10004043
10004044
10004045
10004046
10004047
10004048
10004049
10004050
10004051
10004052
10004053
10004054
10004055
10004056
10004057
10004058
10004059
10004060
10004061
10004062
10004063
10004064
10004065
10004066
10004067
10004068
10004069
10004070
10004071
10004072
10004073
10004074
10004075
10004076
10004077
10004078
10004079
10004080
10004081
10004082
10004083
10004084
10004085
10004086
10004087
10004088
10004089
10004090
10004091
10004092
10004093
10004094
10004095
10004096
10004097
10004098
10004099
10004100
10004101
10004102
10004103
10004104
10004105
10004106
10004107
10004108
10004109
10004110
10004111
10004112
10004113
10004114
10004115
10004116
10004117
10004118
10004119
10004120
10004121
10004122
10004123
10004124
10004125
10004126
10004127
10004128
10004129
10004130
10004131
10004132
10004133
10004134
10004135
10004136
10004137
10004138
10004139
10004140
10004141
10004142
10004143
10004144
10004145
10004146
10004147
10004148
10004149
10004150
10004151
10004152
10004153
10004154
10004155
10004156
10004157
10004158
10004159
10004160
10004161
10004162
10004163
10004164
10004165
10004166
10004167
10004168
10004169
10004170
10004171
10004172
10004173
10004174
10004175
10004176
10004177
10004178
10004179
10004180
10004181
10004182
10004183
10004184
10004185
10004186
10004187
10004188
10004189
10004190
10004191
10004192
10004193
10004194
10004195
10004196
10004197
10004198
10004199
10004200
10004201
10004202
10004203
10004204
10004205
10004206
10004207
10004208
10004209
10004210
10004211
10004212
10004213
10004214
10004215
10004216
10004217
10004218
10004219
10004220
10004221
10004222
10004223
10004224
10004225
10004226
10004227
10004228
10004229
10004230
10004231
10004232
10004233
10004234
10004235
10004236
10004237
10004238
10004239
10004240
10004241
10004242
10004243
10004244
10004245
10004246
10004247
10004248
10004249
10004250
10004251
10004252
10004253
10004254
10004255
10004256
10004257
10004258
10004259
10004260
10004261
10004262
10004263
10004264
10004265
10004266
10004267
10004268
10004269
10004270
10004271
10004272
10004273
10004274
10004275
10004276
10004277
10004278
10004279
10004280
10004281
10004282
10004283
10004284
10004285
10004286
10004287
10004288
10004289
10004290
10004291
10004292
10004293
10004294
10004295
10004296
10004297
10004298
10004299
10004300
10004301
10004302
10004303
10004304
10004305
10004306
10004307
10004308
10004309
10004310
10004311
10004312
10004313
10004314
10004315
10004316
10004317
10004318
10004319
10004320
10004321
10004322
10004323
10004324
10004325
10004326
10004327
10004328
10004329
10004330
10004331
10004332
10004333
10004334
10004335
10004336
10004337
10004338
10004339
10004340
10004341
10004342
10004343
10004344
10004345
10004346
10004347
10004348
10004349
10004350
10004351
10004352
10004353
10004354
10004355
10004356
10004357
10004358
10004359
10004360
10004361
10004362
10004363
10004364
10004365
10004366
10004367
10004368
10004369
10004370
10004371
10004372
10004373
10004374
10004375
10004376
10004377
10004378
10004379
10004380
10004381
10004382
10004383
10004384
10004385
10004386
10004387
10004388
10004389
10004390
10004391
10004392
10004393
10004394
10004395
10004396
10004397
10004398
10004399
10004400
10004401
10004402
10004403
10004404
10004405
10004406
10004407
10004408
10004409
10004410
10004411
10004412
10004413
10004414
10004415
10004416
10004417
10004418
10004419
10004420
10004421
10004422
10004423
10004424
10004425
10004426
10004427
10004428
10004429
10004430
10004431
10004432
10004433
10004434
10004435
10004436
10004437
10004438
10004439
10004440
10004441
10004442
10004443
10004444
10004445
10004446
10004447
10004448
10004449
10004450
10004451
10004452
10004453
10004454
10004455
10004456
10004457
10004458
10004459
10004460
10004461
10004462
10004463
10004464
10004465
10004466
10004467
10004468
10004469
10004470
10004471
10004472
10004473
10004474
10004475
10004476
10004477
10004478
10004479
10004480
10004481
10004482
10004483
10004484
10004485
10004486
10004487
10004488
10004489
10004490
10004491
10004492
10004493
10004494
10004495
10004496
10004497
10004498
10004499
10004500
10004501
10004502
10004503
10004504
10004505
10004506
10004507
10004508
10004509
10004510
10004511
10004512
10004513
10004514
10004515
10004516
10004517
10004518
10004519
10004520
10004521
10004522
10004523
10004524
10004525
10004526
10004527
10004528
10004529
10004530
10004531
10004532
10004533
10004534
10004535
10004536
10004537
10004538
10004539
10004540
10004541
10004542
10004543
10004544
10004545
10004546
10004547
10004548
10004549
10004550
10004551
10004552
10004553
10004554
10004555
10004556
10004557
10004558
10004559
10004560
10004561
10004562
10004563
10004564
10004565
10004566
10004567
10004568
10004569
10004570
10004571
10004572
10004573
10004574
10004575
10004576
10004577
10004578
10004579
10004580
10004581
10004582
10004583
10004584
10004585
10004586
10004587
10004588
10004589
10004590
10004591
10004592
10004593
10004594
10004595
10004596
10004597
10004598
10004599
10004600
10004601
10004602
10004603
10004604
10004605
10004606
10004607
10004608
10004609
10004610
10004611
10004612
10004613
10004614
10004615
10004616
10004617
10004618
10004619
10004620
10004621
10004622
10004623
10004624
10004625
10004626
10004627
10004628
10004629
10004630
10004631
10004632
10004633
10004634
10004635
10004636
10004637
10004638
10004639
10004640
10004641
10004642
10004643
10004644
10004645
10004646
10004647
10004648
10004649
10004650
10004651
10004652
10004653
10004654
10004655
10004656
10004657
10004658
10004659
10004660
10004661
10004662
10004663
10004664
10004665
10004666
10004667
10004668
10004669
10004670
10004671
10004672
10004673
10004674
10004675
10004676
10004677
10004678
10004679
10004680
10004681
10004682
10004683
10004684
10004685
10004686
10004687
10004688
10004689
10004690
10004691
10004692
10004693
10004694
10004695
10004696
10004697
10004698
10004699
10004700
10004701
10004702
10004703
10004704
10004705
10004706
10004707
10004708
10004709
10004710
10004711
10004712
10004713
10004714
10004715
10004716
10004717
10004718
10004719
10004720
10004721
10004722
10004723
10004724
10004725
10004726
10004727
10004728
10004729
10004730
10004731
10004732
10004733
10004734
10004735
10004736
10004737
10004738
10004739
10004740
10004741
10004742
10004743
10004744
10004745
10004746
10004747
10004748
10004749
10004750
10004751
10004752
10004753
10004754
10004755
10004756
10004757
10004758
10004759
10004760
10004761
10004762
10004763
10004764
10004765
10004766
10004767
10004768
10004769
10004770
10004771
10004772
10004773
10004774
10004775
10004776
10004777
10004778
10004779
10004780
10004781
10004782
10004783
10004784
10004785
10004786
10004787
10004788
10004789
10004790
10004791
10004792
10004793
10004794
10004795
10004796
10004797
10004798
10004799
10004800
10004801
10004802
10004803
10004804
10004805
10004806
10004807
10004808
10004809
10004810
10004811
10004812
10004813
10004814
10004815
10004816
10004817
10004818
10004819
10004820
10004821
10004822
10004823
10004824
10004825
10004826
10004827
10004828
10004829
10004830
10004831
10004832
10004833
10004834
10004835
10004836
10004837
10004838
10004839
10004840
10004841
10004842
10004843
10004844
10004845
10004846
10004847
10004848
10004849
10004850
10004851
10004852
10004853
10004854
10004855
10004856
10004857
10004858
10004859
10004860
10004861
10004862
10004863
10004864
10004865
10004866
10004867
10004868
10004869
10004870
10004871
10004872
10004873
10004874
10004875
10004876
10004877
10004878
10004879
10004880
10004881
10004882
10004883
10004884
10004885
10004886
10004887
10004888
10004889
10004890
10004891
10004892
10004893
10004894
10004895
10004896
10004897
10004898
10004899
10004900
10004901
10004902
10004903
10004904
10004905
10004906
10004907
10004908
10004909
10004910
10004911
10004912
10004913
10004914
10004915
10004916
10004917
10004918
10004919
10004920
10004921
10004922
10004923
10004924
10004925
10004926
10004927
10004928
10004929
10004930
10004931
10004932
10004933
10004934
10004935
10004936
10004937
10004938
10004939
10004940
10004941
10004942
10004943
10004944
10004945
10004946
10004947
10004948
10004949
10004950
10004951
10004952
10004953
10004954
10004955
10004956
10004957
10004958
10004959
10004960
10004961
10004962
10004963
10004964
10004965
10004966
10004967
10004968
10004969
10004970
10004971
10004972
10004973
10004974
10004975
10004976
10004977
10004978
10004979
10004980
10004981
10004982
10004983
10004984
10004985
10004986
10004987
10004988
10004989
10004990
10004991
10004992
10004993
10004994
10004995
10004996
10004997
10004998
10004999
10005000
10005001
10005002
10005003
10005004
10005005
10005006
10005007
10005008
10005009
10005010
10005011
10005012
10005013
10005014
10005015
10005016
10005017
10005018
10005019
10005020
10005021
10005022
10005023
10005024
10005025
10005026
10005027
10005028
10005029
10005030
10005031
10005032
10005033
10005034
10005035
10005036
10005037
10005038
10005039
10005040
10005041
10005042
10005043
10005044
10005045
10005046
10005047
10005048
10005049
10005050
10005051
10005052
10005053
10005054
10005055
10005056
10005057
10005058
10005059
10005060
10005061
10005062
10005063
10005064
10005065
10005066
10005067
10005068
10005069
10005070
10005071
10005072
10005073
10005074
10005075
10005076
10005077
10005078
10005079
10005080
10005081
10005082
10005083
10005084
10005085
10005086
10005087
10005088
10005089
10005090
10005091
10005092
10005093
10005094
10005095
10005096
10005097
10005098
10005099
10005100
10005101
10005102
10005103
10005104
10005105
10005106
10005107
10005108
10005109
10005110
10005111
10005112
10005113
10005114
10005115
10005116
10005117
10005118
10005119
10005120
10005121
10005122
10005123
10005124
10005125
10005126
10005127
10005128
10005129
10005130
10005131
10005132
10005133
10005134
10005135
10005136
10005137
10005138
10005139
10005140
10005141
10005142
10005143
10005144
10005145
10005146
10005147
10005148
10005149
10005150
10005151
10005152
10005153
10005154
10005155
10005156
10005157
10005158
10005159
10005160
10005161
10005162
10005163
10005164
10005165
10005166
10005167
10005168
10005169
10005170
10005171
10005172
10005173
10005174
10005175
10005176
10005177
10005178
10005179
10005180
10005181
10005182
10005183
10005184
10005185
10005186
10005187
10005188
10005189
10005190
10005191
10005192
10005193
10005194
10005195
10005196
10005197
10005198
10005199
10005200
10005201
10005202
10005203
10005204
10005205
10005206
10005207
10005208
10005209
10005210
10005211
10005212
10005213
10005214
10005215
10005216
10005217
10005218
10005219
10005220
10005221
10005222
10005223
10005224
10005225
10005226
10005227
10005228
10005229
10005230
10005231
10005232
10005233
10005234
10005235
10005236
10005237
10005238
10005239
10005240
10005241
10005242
10005243
10005244
10005245
10005246
10005247
10005248
10005249
10005250
10005251
10005252
10005253
10005254
10005255
10005256
10005257
10005258
10005259
10005260
10005261
10005262
10005263
10005264
10005265
10005266
10005267
10005268
10005269
10005270
10005271
10005272
10005273
10005274
10005275
10005276
10005277
10005278
10005279
10005280
10005281
10005282
10005283
10005284
10005285
10005286
10005287
10005288
10005289
10005290
10005291
10005292
10005293
10005294
10005295
10005296
10005297
10005298
10005299
10005300
10005301
10005302
10005303
10005304
10005305
10005306
10005307
10005308
10005309
10005310
10005311
10005312
10005313
10005314
10005315
10005316
10005317
10005318
10005319
10005320
10005321
10005322
10005323
10005324
10005325
10005326
10005327
10005328
10005329
10005330
10005331
10005332
10005333
10005334
10005335
10005336
10005337
10005338
10005339
10005340
10005341
10005342
10005343
10005344
10005345
10005346
10005347
10005348
10005349
10005350
10005351
10005352
10005353
10005354
10005355
10005356
10005357
10005358
10005359
10005360
10005361
10005362
10005363
10005364
10005365
10005366
10005367
10005368
10005369
10005370
10005371
10005372
10005373
10005374
10005375
10005376
10005377
10005378
10005379
10005380
10005381
10005382
10005383
10005384
10005385
10005386
10005387
10005388
10005389
10005390
10005391
10005392
10005393
10005394
10005395
10005396
10005397
10005398
10005399
10005400
10005401
10005402
10005403
10005404
10005405
10005406
10005407
10005408
10005409
10005410
10005411
10005412
10005413
10005414
10005415
10005416
10005417
10005418
10005419
10005420
10005421
10005422
10005423
10005424
10005425
10005426
10005427
10005428
10005429
10005430
10005431
10005432
10005433
10005434
10005435
10005436
10005437
10005438
10005439
10005440
10005441
10005442
10005443
10005444
10005445
10005446
10005447
10005448
10005449
10005450
10005451
10005452
10005453
10005454
10005455
10005456
10005457
10005458
10005459
10005460
10005461
10005462
10005463
10005464
10005465
10005466
10005467
10005468
10005469
10005470
10005471
10005472
10005473
10005474
10005475
10005476
10005477
10005478
10005479
10005480
10005481
10005482
10005483
10005484
10005485
10005486
10005487
10005488
10005489
10005490
10005491
10005492
10005493
10005494
10005495
10005496
10005497
10005498
10005499
10005500
10005501
10005502
10005503
10005504
10005505
10005506
10005507
10005508
10005509
10005510
10005511
10005512
10005513
10005514
10005515
10005516
10005517
10005518
10005519
10005520
10005521
10005522
10005523
10005524
10005525
10005526
10005527
10005528
10005529
10005530
10005531
10005532
10005533
10005534
10005535
10005536
10005537
10005538
10005539
10005540
10005541
10005542
10005543
10005544
10005545
10005546
10005547
10005548
10005549
10005550
10005551
10005552
10005553
10005554
10005555
10005556
10005557
10005558
10005559
10005560
10005561
10005562
10005563
10005564
10005565
10005566
10005567
10005568
10005569
10005570
10005571
10005572
10005573
10005574
10005575
10005576
10005577
10005578
10005579
10005580
10005581
10005582
10005583
10005584
10005585
10005586
10005587
10005588
10005589
10005590
10005591
10005592
10005593
10005594
10005595
10005596
10005597
10005598
10005599
10005600
10005601
10005602
10005603
10005604
10005605
10005606
10005607
10005608
10005609
10005610
10005611
10005612
10005613
10005614
10005615
10005616
10005617
10005618
10005619
10005620
10005621
10005622
10005623
10005624
10005625
10005626
10005627
10005628
10005629
10005630
10005631
10005632
10005633
10005634
10005635
10005636
10005637
10005638
10005639
10005640
10005641
10005642
10005643
10005644
10005645
10005646
10005647
10005648
10005649
10005650
10005651
10005652
10005653
10005654
10005655
10005656
10005657
10005658
10005659
10005660
10005661
10005662
10005663
10005664
10005665
10005666
10005667
10005668
10005669
10005670
10005671
10005672
10005673
10005674
10005675
10005676
10005677
10005678
10005679
10005680
10005681
10005682
10005683
10005684
10005685
10005686
10005687
10005688
10005689
10005690
10005691
10005692
10005693
10005694
10005695
10005696
10005697
10005698
10005699
10005700
10005701
10005702
10005703
10005704
10005705
10005706
10005707
10005708
10005709
10005710
10005711
10005712
10005713
10005714
10005715
10005716
10005717
10005718
10005719
10005720
10005721
10005722
10005723
10005724
10005725
10005726
10005727
10005728
10005729
10005730
10005731
10005732
10005733
10005734
10005735
10005736
10005737
10005738
10005739
10005740
10005741
10005742
10005743
10005744
10005745
10005746
10005747
10005748
10005749
10005750
10005751
10005752
10005753
10005754
10005755
10005756
10005757
10005758
10005759
10005760
10005761
10005762
10005763
10005764
10005765
10005766
10005767
10005768
10005769
10005770
10005771
10005772
10005773
10005774
10005775
10005776
10005777
10005778
10005779
10005780
10005781
10005782
10005783
10005784
10005785
10005786
10005787
10005788
10005789
10005790
10005791
10005792
10005793
10005794
10005795
10005796
10005797
10005798
10005799
10005800
10005801
10005802
10005803
10005804
10005805
10005806
10005807
10005808
10005809
10005810
10005811
10005812
10005813
10005814
10005815
10005816
10005817
10005818
10005819
10005820
10005821
10005822
10005823
10005824
10005825
10005826
10005827
10005828
10005829
10005830
10005831
10005832
10005833
10005834
10005835
10005836
10005837
10005838
10005839
10005840
10005841
10005842
10005843
10005844
10005845
10005846
10005847
10005848
10005849
10005850
10005851
10005852
10005853
10005854
10005855
10005856
10005857
10005858
10005859
10005860
10005861
10005862
10005863
10005864
10005865
10005866
10005867
10005868
10005869
10005870
10005871
10005872
10005873
10005874
10005875
10005876
10005877
10005878
10005879
10005880
10005881
10005882
10005883
10005884
10005885
10005886
10005887
10005888
10005889
10005890
10005891
10005892
10005893
10005894
10005895
10005896
10005897
10005898
10005899
10005900
10005901
10005902
10005903
10005904
10005905
10005906
10005907
10005908
10005909
10005910
10005911
10005912
10005913
10005914
10005915
10005916
10005917
10005918
10005919
10005920
10005921
10005922
10005923
10005924
10005925
10005926
10005927
10005928
10005929
10005930
10005931
10005932
10005933
10005934
10005935
10005936
10005937
10005938
10005939
10005940
10005941
10005942
10005943
10005944
10005945
10005946
10005947
10005948
10005949
10005950
10005951
10005952
10005953
10005954
10005955
10005956
10005957
10005958
10005959
10005960
10005961
10005962
10005963
10005964
10005965
10005966
10005967
10005968
10005969
10005970
10005971
10005972
10005973
10005974
10005975
10005976
10005977
10005978
10005979
10005980
10005981
10005982
10005983
10005984
10005985
10005986
10005987
10005988
10005989
10005990
10005991
10005992
10005993
10005994
10005995
10005996
10005997
10005998
10005999
10006000
10006001
10006002
10006003
10006004
10006005
10006006
10006007
10006008
10006009
10006010
10006011
10006012
10006013
10006014
10006015
10006016
10006017
10006018
10006019
10006020
10006021
10006022
10006023
10006024
10006025
10006026
10006027
10006028
10006029
10006030
10006031
10006032
10006033
10006034
10006035
10006036
10006037
10006038
10006039
10006040
10006041
10006042
10006043
10006044
10006045
10006046
10006047
10006048
10006049
10006050
10006051
10006052
10006053
10006054
10006055
10006056
10006057
10006058
10006059
10006060
10006061
10006062
10006063
10006064
10006065
10006066
10006067
10006068
10006069
10006070
10006071
10006072
10006073
10006074
10006075
10006076
10006077
10006078
10006079
10006080
10006081
10006082
10006083
10006084
10006085
10006086
10006087
10006088
10006089
10006090
10006091
10006092
10006093
10006094
10006095
10006096
10006097
10006098
10006099
10006100
10006101
10006102
10006103
10006104
10006105
10006106
10006107
10006108
10006109
10006110
10006111
10006112
10006113
10006114
10006115
10006116
10006117
10006118
10006119
10006120
10006121
10006122
10006123
10006124
10006125
10006126
10006127
10006128
10006129
10006130
10006131
10006132
10006133
10006134
10006135
10006136
10006137
10006138
10006139
10006140
10006141
10006142
10006143
10006144
10006145
10006146
10006147
10006148
10006149
10006150
10006151
10006152
10006153
10006154
10006155
10006156
10006157
10006158
10006159
10006160
10006161
10006162
10006163
10006164
10006165
10006166
10006167
10006168
10006169
10006170
10006171
10006172
10006173
10006174
10006175
10006176
10006177
10006178
10006179
10006180
10006181
10006182
10006183
10006184
10006185
10006186
10006187
10006188
10006189
10006190
10006191
10006192
10006193
10006194
10006195
10006196
10006197
10006198
10006199
10006200
10006201
10006202
10006203
10006204
10006205
10006206
10006207
10006208
10006209
10006210
10006211
10006212
10006213
10006214
10006215
10006216
10006217
10006218
10006219
10006220
10006221
10006222
10006223
10006224
10006225
10006226
10006227
10006228
10006229
10006230
10006231
10006232
10006233
10006234
10006235
10006236
10006237
10006238
10006239
10006240
10006241
10006242
10006243
10006244
10006245
10006246
10006247
10006248
10006249
10006250
10006251
10006252
10006253
10006254
10006255
10006256
10006257
10006258
10006259
10006260
10006261
10006262
10006263
10006264
10006265
10006266
10006267
10006268
10006269
10006270
10006271
10006272
10006273
10006274
10006275
10006276
10006277
10006278
10006279
10006280
10006281
10006282
10006283
10006284
10006285
10006286
10006287
10006288
10006289
10006290
10006291
10006292
10006293
10006294
10006295
10006296
10006297
10006298
10006299
10006300
10006301
10006302
10006303
10006304
10006305
10006306
10006307
10006308
10006309
10006310
10006311
10006312
10006313
10006314
10006315
10006316
10006317
10006318
10006319
10006320
10006321
10006322
10006323
10006324
10006325
10006326
10006327
10006328
10006329
10006330
10006331
10006332
10006333
10006334
10006335
10006336
10006337
10006338
10006339
10006340
10006341
10006342
10006343
10006344
10006345
10006346
10006347
10006348
10006349
10006350
10006351
10006352
10006353
10006354
10006355
10006356
10006357
10006358
10006359
10006360
10006361
10006362
10006363
10006364
10006365
10006366
10006367
10006368
10006369
10006370
10006371
10006372
10006373
10006374
10006375
10006376
10006377
10006378
10006379
10006380
10006381
10006382
10006383
10006384
10006385
10006386
10006387
10006388
10006389
10006390
10006391
10006392
10006393
10006394
10006395
10006396
10006397
10006398
10006399
10006400
10006401
10006402
10006403
10006404
10006405
10006406
10006407
10006408
10006409
10006410
10006411
10006412
10006413
10006414
10006415
10006416
10006417
10006418
10006419
10006420
10006421
10006422
10006423
10006424
10006425
10006426
10006427
10006428
10006429
10006430
10006431
10006432
10006433
10006434
10006435
10006436
10006437
10006438
10006439
10006440
10006441
10006442
10006443
10006444
10006445
10006446
10006447
10006448
10006449
10006450
10006451
10006452
10006453
10006454
10006455
10006456
10006457
10006458
10006459
10006460
10006461
10006462
10006463
10006464
10006465
10006466
10006467
10006468
10006469
10006470
10006471
10006472
10006473
10006474
10006475
10006476
10006477
10006478
10006479
10006480
10006481
10006482
10006483
10006484
10006485
10006486
10006487
10006488
10006489
10006490
10006491
10006492
10006493
10006494
10006495
10006496
10006497
10006498
10006499
10006500
10006501
10006502
10006503
10006504
10006505
10006506
10006507
10006508
10006509
10006510
10006511
10006512
10006513
10006514
10006515
10006516
10006517
10006518
10006519
10006520
10006521
10006522
10006523
10006524
10006525
10006526
10006527
10006528
10006529
10006530
10006531
10006532
10006533
10006534
10006535
10006536
10006537
10006538
10006539
10006540
10006541
10006542
10006543
10006544
10006545
10006546
10006547
10006548
10006549
10006550
10006551
10006552
10006553
10006554
10006555
10006556
10006557
10006558
10006559
10006560
10006561
10006562
10006563
10006564
10006565
10006566
10006567
10006568
10006569
10006570
10006571
10006572
10006573
10006574
10006575
10006576
10006577
10006578
10006579
10006580
10006581
10006582
10006583
10006584
10006585
10006586
10006587
10006588
10006589
10006590
10006591
10006592
10006593
10006594
10006595
10006596
10006597
10006598
10006599
10006600
10006601
10006602
10006603
10006604
10006605
10006606
10006607
10006608
10006609
10006610
10006611
10006612
10006613
10006614
10006615
10006616
10006617
10006618
10006619
10006620
10006621
10006622
10006623
10006624
10006625
10006626
10006627
10006628
10006629
10006630
10006631
10006632
10006633
10006634
10006635
10006636
10006637
10006638
10006639
10006640
10006641
10006642
10006643
10006644
10006645
10006646
10006647
10006648
10006649
10006650
10006651
10006652
10006653
10006654
10006655
10006656
10006657
10006658
10006659
10006660
10006661
10006662
10006663
10006664
10006665
10006666
10006667
10006668
10006669
10006670
10006671
10006672
10006673
10006674
10006675
10006676
10006677
10006678
10006679
10006680
10006681
10006682
10006683
10006684
10006685
10006686
10006687
10006688
10006689
10006690
10006691
10006692
10006693
10006694
10006695
10006696
10006697
10006698
10006699
10006700
10006701
10006702
10006703
10006704
10006705
10006706
10006707
10006708
10006709
10006710
10006711
10006712
10006713
10006714
10006715
10006716
10006717
10006718
10006719
10006720
10006721
10006722
10006723
10006724
10006725
10006726
10006727
10006728
10006729
10006730
10006731
10006732
10006733
10006734
10006735
10006736
10006737
10006738
10006739
10006740
10006741
10006742
10006743
10006744
10006745
10006746
10006747
10006748
10006749
10006750
10006751
10006752
10006753
10006754
10006755
10006756
10006757
10006758
10006759
10006760
10006761
10006762
10006763
10006764
10006765
10006766
10006767
10006768
10006769
10006770
10006771
10006772
10006773
10006774
10006775
10006776
10006777
10006778
10006779
10006780
10006781
10006782
10006783
10006784
10006785
10006786
10006787
10006788
10006789
10006790
10006791
10006792
10006793
10006794
10006795
10006796
10006797
10006798
10006799
10006800
10006801
10006802
10006803
10006804
10006805
10006806
10006807
10006808
10006809
10006810
10006811
10006812
10006813
10006814
10006815
10006816
10006817
10006818
10006819
10006820
10006821
10006822
10006823
10006824
10006825
10006826
10006827
10006828
10006829
10006830
10006831
10006832
10006833
10006834
10006835
10006836
10006837
10006838
10006839
10006840
10006841
10006842
10006843
10006844
10006845
10006846
10006847
10006848
10006849
10006850
10006851
10006852
10006853
10006854
10006855
10006856
10006857
10006858
10006859
10006860
10006861
10006862
10006863
10006864
10006865
10006866
10006867
10006868
10006869
10006870
10006871
10006872
10006873
10006874
10006875
10006876
10006877
10006878
10006879
10006880
10006881
10006882
10006883
10006884
10006885
10006886
10006887
10006888
10006889
10006890
10006891
10006892
10006893
10006894
10006895
10006896
10006897
10006898
10006899
10006900
10006901
10006902
10006903
10006904
10006905
10006906
10006907
10006908
10006909
10006910
10006911
10006912
10006913
10006914
10006915
10006916
10006917
10006918
10006919
10006920
10006921
10006922
10006923
10006924
10006925
10006926
10006927
10006928
10006929
10006930
10006931
10006932
10006933
10006934
10006935
10006936
10006937
10006938
10006939
10006940
10006941
10006942
10006943
10006944
10006945
10006946
10006947
10006948
10006949
10006950
10006951
10006952
10006953
10006954
10006955
10006956
10006957
10006958
10006959
10006960
10006961
10006962
10006963
10006964
10006965
10006966
10006967
10006968
10006969
10006970
10006971
10006972
10006973
10006974
10006975
10006976
10006977
10006978
10006979
10006980
10006981
10006982
10006983
10006984
10006985
10006986
10006987
10006988
10006989
10006990
10006991
10006992
10006993
10006994
10006995
10006996
10006997
10006998
10006999
10007000
10007001
10007002
10007003
10007004
10007005
10007006
10007007
10007008
10007009
10007010
10007011
10007012
10007013
10007014
10007015
10007016
10007017
10007018
10007019
10007020
10007021
10007022
10007023
10007024
10007025
10007026
10007027
10007028
10007029
10007030
10007031
10007032
10007033
10007034
10007035
10007036
10007037
10007038
10007039
10007040
10007041
10007042
10007043
10007044
10007045
10007046
10007047
10007048
10007049
10007050
10007051
10007052
10007053
10007054
10007055
10007056
10007057
10007058
10007059
10007060
10007061
10007062
10007063
10007064
10007065
10007066
10007067
10007068
10007069
10007070
10007071
10007072
10007073
10007074
10007075
10007076
10007077
10007078
10007079
10007080
10007081
10007082
10007083
10007084
10007085
10007086
10007087
10007088
10007089
10007090
10007091
10007092
10007093
10007094
10007095
10007096
10007097
10007098
10007099
10007100
10007101
10007102
10007103
10007104
10007105
10007106
10007107
10007108
10007109
10007110
10007111
10007112
10007113
10007114
10007115
10007116
10007117
10007118
10007119
10007120
10007121
10007122
10007123
10007124
10007125
10007126
10007127
10007128
10007129
10007130
10007131
10007132
10007133
10007134
10007135
10007136
10007137
10007138
10007139
10007140
10007141
10007142
10007143
10007144
10007145
10007146
10007147
10007148
10007149
10007150
10007151
10007152
10007153
10007154
10007155
10007156
10007157
10007158
10007159
10007160
10007161
10007162
10007163
10007164
10007165
10007166
10007167
10007168
10007169
10007170
10007171
10007172
10007173
10007174
10007175
10007176
10007177
10007178
10007179
10007180
10007181
10007182
10007183
10007184
10007185
10007186
10007187
10007188
10007189
10007190
10007191
10007192
10007193
10007194
10007195
10007196
10007197
10007198
10007199
10007200
10007201
10007202
10007203
10007204
10007205
10007206
10007207
10007208
10007209
10007210
10007211
10007212
10007213
10007214
10007215
10007216
10007217
10007218
10007219
10007220
10007221
10007222
10007223
10007224
10007225
10007226
10007227
10007228
10007229
10007230
10007231
10007232
10007233
10007234
10007235
10007236
10007237
10007238
10007239
10007240
10007241
10007242
10007243
10007244
10007245
10007246
10007247
10007248
10007249
10007250
10007251
10007252
10007253
10007254
10007255
10007256
10007257
10007258
10007259
10007260
10007261
10007262
10007263
10007264
10007265
10007266
10007267
10007268
10007269
10007270
10007271
10007272
10007273
10007274
10007275
10007276
10007277
10007278
10007279
10007280
10007281
10007282
10007283
10007284
10007285
10007286
10007287
10007288
10007289
10007290
10007291
10007292
10007293
10007294
10007295
10007296
10007297
10007298
10007299
10007300
10007301
10007302
10007303
10007304
10007305
10007306
10007307
10007308
10007309
10007310
10007311
10007312
10007313
10007314
10007315
10007316
10007317
10007318
10007319
10007320
10007321
10007322
10007323
10007324
10007325
10007326
10007327
10007328
10007329
10007330
10007331
10007332
10007333
10007334
10007335
10007336
10007337
10007338
10007339
10007340
10007341
10007342
10007343
10007344
10007345
10007346
10007347
10007348
10007349
10007350
10007351
10007352
10007353
10007354
10007355
10007356
10007357
10007358
10007359
10007360
10007361
10007362
10007363
10007364
10007365
10007366
10007367
10007368
10007369
10007370
10007371
10007372
10007373
10007374
10007375
10007376
10007377
10007378
10007379
10007380
10007381
10007382
10007383
10007384
10007385
10007386
10007387
10007388
10007389
10007390
10007391
10007392
10007393
10007394
10007395
10007396
10007397
10007398
10007399
10007400
10007401
10007402
10007403
10007404
10007405
10007406
10007407
10007408
10007409
10007410
10007411
10007412
10007413
10007414
10007415
10007416
10007417
10007418
10007419
10007420
10007421
10007422
10007423
10007424
10007425
10007426
10007427
10007428
10007429
10007430
10007431
10007432
10007433
10007434
10007435
10007436
10007437
10007438
10007439
10007440
10007441
10007442
10007443
10007444
10007445
10007446
10007447
10007448
10007449
10007450
10007451
10007452
10007453
10007454
10007455
10007456
10007457
10007458
10007459
10007460
10007461
10007462
10007463
10007464
10007465
10007466
10007467
10007468
10007469
10007470
10007471
10007472
10007473
10007474
10007475
10007476
10007477
10007478
10007479
10007480
10007481
10007482
10007483
10007484
10007485
10007486
10007487
10007488
10007489
10007490
10007491
10007492
10007493
10007494
10007495
10007496
10007497
10007498
10007499
10007500
10007501
10007502
10007503
10007504
10007505
10007506
10007507
10007508
10007509
10007510
10007511
10007512
10007513
10007514
10007515
10007516
10007517
10007518
10007519
10007520
10007521
10007522
10007523
10007524
10007525
10007526
10007527
10007528
10007529
10007530
10007531
10007532
10007533
10007534
10007535
10007536
10007537
10007538
10007539
10007540
10007541
10007542
10007543
10007544
10007545
10007546
10007547
10007548
10007549
10007550
10007551
10007552
10007553
10007554
10007555
10007556
10007557
10007558
10007559
10007560
10007561
10007562
10007563
10007564
10007565
10007566
10007567
10007568
10007569
10007570
10007571
10007572
10007573
10007574
10007575
10007576
10007577
10007578
10007579
10007580
10007581
10007582
10007583
10007584
10007585
10007586
10007587
10007588
10007589
10007590
10007591
10007592
10007593
10007594
10007595
10007596
10007597
10007598
10007599
10007600
10007601
10007602
10007603
10007604
10007605
10007606
10007607
10007608
10007609
10007610
10007611
10007612
10007613
10007614
10007615
10007616
10007617
10007618
10007619
10007620
10007621
10007622
10007623
10007624
10007625
10007626
10007627
10007628
10007629
10007630
10007631
10007632
10007633
10007634
10007635
10007636
10007637
10007638
10007639
10007640
10007641
10007642
10007643
10007644
10007645
10007646
10007647
10007648
10007649
10007650
10007651
10007652
10007653
10007654
10007655
10007656
10007657
10007658
10007659
10007660
10007661
10007662
10007663
10007664
10007665
10007666
10007667
10007668
10007669
10007670
10007671
10007672
10007673
10007674
10007675
10007676
10007677
10007678
10007679
10007680
10007681
10007682
10007683
10007684
10007685
10007686
10007687
10007688
10007689
10007690
10007691
10007692
10007693
10007694
10007695
10007696
10007697
10007698
10007699
10007700
10007701
10007702
10007703
10007704
10007705
10007706
10007707
10007708
10007709
10007710
10007711
10007712
10007713
10007714
10007715
10007716
10007717
10007718
10007719
10007720
10007721
10007722
10007723
10007724
10007725
10007726
10007727
10007728
10007729
10007730
10007731
10007732
10007733
10007734
10007735
10007736
10007737
10007738
10007739
10007740
10007741
10007742
10007743
10007744
10007745
10007746
10007747
10007748
10007749
10007750
10007751
10007752
10007753
10007754
10007755
10007756
10007757
10007758
10007759
10007760
10007761
10007762
10007763
10007764
10007765
10007766
10007767
10007768
10007769
10007770
10007771
10007772
10007773
10007774
10007775
10007776
10007777
10007778
10007779
10007780
10007781
10007782
10007783
10007784
10007785
10007786
10007787
10007788
10007789
10007790
10007791
10007792
10007793
10007794
10007795
10007796
10007797
10007798
10007799
10007800
10007801
10007802
10007803
10007804
10007805
10007806
10007807
10007808
10007809
10007810
10007811
10007812
10007813
10007814
10007815
10007816
10007817
10007818
10007819
10007820
10007821
10007822
10007823
10007824
10007825
10007826
10007827
10007828
10007829
10007830
10007831
10007832
10007833
10007834
10007835
10007836
10007837
10007838
10007839
10007840
10007841
10007842
10007843
10007844
10007845
10007846
10007847
10007848
10007849
10007850
10007851
10007852
10007853
10007854
10007855
10007856
10007857
10007858
10007859
10007860
10007861
10007862
10007863
10007864
10007865
10007866
10007867
10007868
10007869
10007870
10007871
10007872
10007873
10007874
10007875
10007876
10007877
10007878
10007879
10007880
10007881
10007882
10007883
10007884
10007885
10007886
10007887
10007888
10007889
10007890
10007891
10007892
10007893
10007894
10007895
10007896
10007897
10007898
10007899
10007900
10007901
10007902
10007903
10007904
10007905
10007906
10007907
10007908
10007909
10007910
10007911
10007912
10007913
10007914
10007915
10007916
10007917
10007918
10007919
10007920
10007921
10007922
10007923
10007924
10007925
10007926
10007927
10007928
10007929
10007930
10007931
10007932
10007933
10007934
10007935
10007936
10007937
10007938
10007939
10007940
10007941
10007942
10007943
10007944
10007945
10007946
10007947
10007948
10007949
10007950
10007951
10007952
10007953
10007954
10007955
10007956
10007957
10007958
10007959
10007960
10007961
10007962
10007963
10007964
10007965
10007966
10007967
10007968
10007969
10007970
10007971
10007972
10007973
10007974
10007975
10007976
10007977
10007978
10007979
10007980
10007981
10007982
10007983
10007984
10007985
10007986
10007987
10007988
10007989
10007990
10007991
10007992
10007993
10007994
10007995
10007996
10007997
10007998
10007999
10008000
10008001
10008002
10008003
10008004
10008005
10008006
10008007
10008008
10008009
10008010
10008011
10008012
10008013
10008014
10008015
10008016
10008017
10008018
10008019
10008020
10008021
10008022
10008023
10008024
10008025
10008026
10008027
10008028
10008029
10008030
10008031
10008032
10008033
10008034
10008035
10008036
10008037
10008038
10008039
10008040
10008041
10008042
10008043
10008044
10008045
10008046
10008047
10008048
10008049
10008050
10008051
10008052
10008053
10008054
10008055
10008056
10008057
10008058
10008059
10008060
10008061
10008062
10008063
10008064
10008065
10008066
10008067
10008068
10008069
10008070
10008071
10008072
10008073
10008074
10008075
10008076
10008077
10008078
10008079
10008080
10008081
10008082
10008083
10008084
10008085
10008086
10008087
10008088
10008089
10008090
10008091
10008092
10008093
10008094
10008095
10008096
10008097
10008098
10008099
10008100
10008101
10008102
10008103
10008104
10008105
10008106
10008107
10008108
10008109
10008110
10008111
10008112
10008113
10008114
10008115
10008116
10008117
10008118
10008119
10008120
10008121
10008122
10008123
10008124
10008125
10008126
10008127
10008128
10008129
10008130
10008131
10008132
10008133
10008134
10008135
10008136
10008137
10008138
10008139
10008140
10008141
10008142
10008143
10008144
10008145
10008146
10008147
10008148
10008149
10008150
10008151
10008152
10008153
10008154
10008155
10008156
10008157
10008158
10008159
10008160
10008161
10008162
10008163
10008164
10008165
10008166
10008167
10008168
10008169
10008170
10008171
10008172
10008173
10008174
10008175
10008176
10008177
10008178
10008179
10008180
10008181
10008182
10008183
10008184
10008185
10008186
10008187
10008188
10008189
10008190
10008191
10008192
10008193
10008194
10008195
10008196
10008197
10008198
10008199
10008200
10008201
10008202
10008203
10008204
10008205
10008206
10008207
10008208
10008209
10008210
10008211
10008212
10008213
10008214
10008215
10008216
10008217
10008218
10008219
10008220
10008221
10008222
10008223
10008224
10008225
10008226
10008227
10008228
10008229
10008230
10008231
10008232
10008233
10008234
10008235
10008236
10008237
10008238
10008239
10008240
10008241
10008242
10008243
10008244
10008245
10008246
10008247
10008248
10008249
10008250
10008251
10008252
10008253
10008254
10008255
10008256
10008257
10008258
10008259
10008260
10008261
10008262
10008263
10008264
10008265
10008266
10008267
10008268
10008269
10008270
10008271
10008272
10008273
10008274
10008275
10008276
10008277
10008278
10008279
10008280
10008281
10008282
10008283
10008284
10008285
10008286
10008287
10008288
10008289
10008290
10008291
10008292
10008293
10008294
10008295
10008296
10008297
10008298
10008299
10008300
10008301
10008302
10008303
10008304
10008305
10008306
10008307
10008308
10008309
10008310
10008311
10008312
10008313
10008314
10008315
10008316
10008317
10008318
10008319
10008320
10008321
10008322
10008323
10008324
10008325
10008326
10008327
10008328
10008329
10008330
10008331
10008332
10008333
10008334
10008335
10008336
10008337
10008338
10008339
10008340
10008341
10008342
10008343
10008344
10008345
10008346
10008347
10008348
10008349
10008350
10008351
10008352
10008353
10008354
10008355
10008356
10008357
10008358
10008359
10008360
10008361
10008362
10008363
10008364
10008365
10008366
10008367
10008368
10008369
10008370
10008371
10008372
10008373
10008374
10008375
10008376
10008377
10008378
10008379
10008380
10008381
10008382
10008383
10008384
10008385
10008386
10008387
10008388
10008389
10008390
10008391
10008392
10008393
10008394
10008395
10008396
10008397
10008398
10008399
10008400
10008401
10008402
10008403
10008404
10008405
10008406
10008407
10008408
10008409
10008410
10008411
10008412
10008413
10008414
10008415
10008416
10008417
10008418
10008419
10008420
10008421
10008422
10008423
10008424
10008425
10008426
10008427
10008428
10008429
10008430
10008431
10008432
10008433
10008434
10008435
10008436
10008437
10008438
10008439
10008440
10008441
10008442
10008443
10008444
10008445
10008446
10008447
10008448
10008449
10008450
10008451
10008452
10008453
10008454
10008455
10008456
10008457
10008458
10008459
10008460
10008461
10008462
10008463
10008464
10008465
10008466
10008467
10008468
10008469
10008470
10008471
10008472
10008473
10008474
10008475
10008476
10008477
10008478
10008479
10008480
10008481
10008482
10008483
10008484
10008485
10008486
10008487
10008488
10008489
10008490
10008491
10008492
10008493
10008494
10008495
10008496
10008497
10008498
10008499
10008500
10008501
10008502
10008503
10008504
10008505
10008506
10008507
10008508
10008509
10008510
10008511
10008512
10008513
10008514
10008515
10008516
10008517
10008518
10008519
10008520
10008521
10008522
10008523
10008524
10008525
10008526
10008527
10008528
10008529
10008530
10008531
10008532
10008533
10008534
10008535
10008536
10008537
10008538
10008539
10008540
10008541
10008542
10008543
10008544
10008545
10008546
10008547
10008548
10008549
10008550
10008551
10008552
10008553
10008554
10008555
10008556
10008557
10008558
10008559
10008560
10008561
10008562
10008563
10008564
10008565
10008566
10008567
10008568
10008569
10008570
10008571
10008572
10008573
10008574
10008575
10008576
10008577
10008578
10008579
10008580
10008581
10008582
10008583
10008584
10008585
10008586
10008587
10008588
10008589
10008590
10008591
10008592
10008593
10008594
10008595
10008596
10008597
10008598
10008599
10008600
10008601
10008602
10008603
10008604
10008605
10008606
10008607
10008608
10008609
10008610
10008611
10008612
10008613
10008614
10008615
10008616
10008617
10008618
10008619
10008620
10008621
10008622
10008623
10008624
10008625
10008626
10008627
10008628
10008629
10008630
10008631
10008632
10008633
10008634
10008635
10008636
10008637
10008638
10008639
10008640
10008641
10008642
10008643
10008644
10008645
10008646
10008647
10008648
10008649
10008650
10008651
10008652
10008653
10008654
10008655
10008656
10008657
10008658
10008659
10008660
10008661
10008662
10008663
10008664
10008665
10008666
10008667
10008668
10008669
10008670
10008671
10008672
10008673
10008674
10008675
10008676
10008677
10008678
10008679
10008680
10008681
10008682
10008683
10008684
10008685
10008686
10008687
10008688
10008689
10008690
10008691
10008692
10008693
10008694
10008695
10008696
10008697
10008698
10008699
10008700
10008701
10008702
10008703
10008704
10008705
10008706
10008707
10008708
10008709
10008710
10008711
10008712
10008713
10008714
10008715
10008716
10008717
10008718
10008719
10008720
10008721
10008722
10008723
10008724
10008725
10008726
10008727
10008728
10008729
10008730
10008731
10008732
10008733
10008734
10008735
10008736
10008737
10008738
10008739
10008740
10008741
10008742
10008743
10008744
10008745
10008746
10008747
10008748
10008749
10008750
10008751
10008752
10008753
10008754
10008755
10008756
10008757
10008758
10008759
10008760
10008761
10008762
10008763
10008764
10008765
10008766
10008767
10008768
10008769
10008770
10008771
10008772
10008773
10008774
10008775
10008776
10008777
10008778
10008779
10008780
10008781
10008782
10008783
10008784
10008785
10008786
10008787
10008788
10008789
10008790
10008791
10008792
10008793
10008794
10008795
10008796
10008797
10008798
10008799
10008800
10008801
10008802
10008803
10008804
10008805
10008806
10008807
10008808
10008809
10008810
10008811
10008812
10008813
10008814
10008815
10008816
10008817
10008818
10008819
10008820
10008821
10008822
10008823
10008824
10008825
10008826
10008827
10008828
10008829
10008830
10008831
10008832
10008833
10008834
10008835
10008836
10008837
10008838
10008839
10008840
10008841
10008842
10008843
10008844
10008845
10008846
10008847
10008848
10008849
10008850
10008851
10008852
10008853
10008854
10008855
10008856
10008857
10008858
10008859
10008860
10008861
10008862
10008863
10008864
10008865
10008866
10008867
10008868
10008869
10008870
10008871
10008872
10008873
10008874
10008875
10008876
10008877
10008878
10008879
10008880
10008881
10008882
10008883
10008884
10008885
10008886
10008887
10008888
10008889
10008890
10008891
10008892
10008893
10008894
10008895
10008896
10008897
10008898
10008899
10008900
10008901
10008902
10008903
10008904
10008905
10008906
10008907
10008908
10008909
10008910
10008911
10008912
10008913
10008914
10008915
10008916
10008917
10008918
10008919
10008920
10008921
10008922
10008923
10008924
10008925
10008926
10008927
10008928
10008929
10008930
10008931
10008932
10008933
10008934
10008935
10008936
10008937
10008938
10008939
10008940
10008941
10008942
10008943
10008944
10008945
10008946
10008947
10008948
10008949
10008950
10008951
10008952
10008953
10008954
10008955
10008956
10008957
10008958
10008959
10008960
10008961
10008962
10008963
10008964
10008965
10008966
10008967
10008968
10008969
10008970
10008971
10008972
10008973
10008974
10008975
10008976
10008977
10008978
10008979
10008980
10008981
10008982
10008983
10008984
10008985
10008986
10008987
10008988
10008989
10008990
10008991
10008992
10008993
10008994
10008995
10008996
10008997
10008998
10008999
10009000
10009001
10009002
10009003
10009004
10009005
10009006
10009007
10009008
10009009
10009010
10009011
10009012
10009013
10009014
10009015
10009016
10009017
10009018
10009019
10009020
10009021
10009022
10009023
10009024
10009025
10009026
10009027
10009028
10009029
10009030
10009031
10009032
10009033
10009034
10009035
10009036
10009037
10009038
10009039
10009040
10009041
10009042
10009043
10009044
10009045
10009046
10009047
10009048
10009049
10009050
10009051
10009052
10009053
10009054
10009055
10009056
10009057
10009058
10009059
10009060
10009061
10009062
10009063
10009064
10009065
10009066
10009067
10009068
10009069
10009070
10009071
10009072
10009073
10009074
10009075
10009076
10009077
10009078
10009079
10009080
10009081
10009082
10009083
10009084
10009085
10009086
10009087
10009088
10009089
10009090
10009091
10009092
10009093
10009094
10009095
10009096
10009097
10009098
10009099
10009100
10009101
10009102
10009103
10009104
10009105
10009106
10009107
10009108
10009109
10009110
10009111
10009112
10009113
10009114
10009115
10009116
10009117
10009118
10009119
10009120
10009121
10009122
10009123
10009124
10009125
10009126
10009127
10009128
10009129
10009130
10009131
10009132
10009133
10009134
10009135
10009136
10009137
10009138
10009139
10009140
10009141
10009142
10009143
10009144
10009145
10009146
10009147
10009148
10009149
10009150
10009151
10009152
10009153
10009154
10009155
10009156
10009157
10009158
10009159
10009160
10009161
10009162
10009163
10009164
10009165
10009166
10009167
10009168
10009169
10009170
10009171
10009172
10009173
10009174
10009175
10009176
10009177
10009178
10009179
10009180
10009181
10009182
10009183
10009184
10009185
10009186
10009187
10009188
10009189
10009190
10009191
10009192
10009193
10009194
10009195
10009196
10009197
10009198
10009199
10009200
10009201
10009202
10009203
10009204
10009205
10009206
10009207
10009208
10009209
10009210
10009211
10009212
10009213
10009214
10009215
10009216
10009217
10009218
10009219
10009220
10009221
10009222
10009223
10009224
10009225
10009226
10009227
10009228
10009229
10009230
10009231
10009232
10009233
10009234
10009235
10009236
10009237
10009238
10009239
10009240
10009241
10009242
10009243
10009244
10009245
10009246
10009247
10009248
10009249
10009250
10009251
10009252
10009253
10009254
10009255
10009256
10009257
10009258
10009259
10009260
10009261
10009262
10009263
10009264
10009265
10009266
10009267
10009268
10009269
10009270
10009271
10009272
10009273
10009274
10009275
10009276
10009277
10009278
10009279
10009280
10009281
10009282
10009283
10009284
10009285
10009286
10009287
10009288
10009289
10009290
10009291
10009292
10009293
10009294
10009295
10009296
10009297
10009298
10009299
10009300
10009301
10009302
10009303
10009304
10009305
10009306
10009307
10009308
10009309
10009310
10009311
10009312
10009313
10009314
10009315
10009316
10009317
10009318
10009319
10009320
10009321
10009322
10009323
10009324
10009325
10009326
10009327
10009328
10009329
10009330
10009331
10009332
10009333
10009334
10009335
10009336
10009337
10009338
10009339
10009340
10009341
10009342
10009343
10009344
10009345
10009346
10009347
10009348
10009349
10009350
10009351
10009352
10009353
10009354
10009355
10009356
10009357
10009358
10009359
10009360
10009361
10009362
10009363
10009364
10009365
10009366
10009367
10009368
10009369
10009370
10009371
10009372
10009373
10009374
10009375
10009376
10009377
10009378
10009379
10009380
10009381
10009382
10009383
10009384
10009385
10009386
10009387
10009388
10009389
10009390
10009391
10009392
10009393
10009394
10009395
10009396
10009397
10009398
10009399
10009400
10009401
10009402
10009403
10009404
10009405
10009406
10009407
10009408
10009409
10009410
10009411
10009412
10009413
10009414
10009415
10009416
10009417
10009418
10009419
10009420
10009421
10009422
10009423
10009424
10009425
10009426
10009427
10009428
10009429
10009430
10009431
10009432
10009433
10009434
10009435
10009436
10009437
10009438
10009439
10009440
10009441
10009442
10009443
10009444
10009445
10009446
10009447
10009448
10009449
10009450
10009451
10009452
10009453
10009454
10009455
10009456
10009457
10009458
10009459
10009460
10009461
10009462
10009463
10009464
10009465
10009466
10009467
10009468
10009469
10009470
10009471
10009472
10009473
10009474
10009475
10009476
10009477
10009478
10009479
10009480
10009481
10009482
10009483
10009484
10009485
10009486
10009487
10009488
10009489
10009490
10009491
10009492
10009493
10009494
10009495
10009496
10009497
10009498
10009499
10009500
10009501
10009502
10009503
10009504
10009505
10009506
10009507
10009508
10009509
10009510
10009511
10009512
10009513
10009514
10009515
10009516
10009517
10009518
10009519
10009520
10009521
10009522
10009523
10009524
10009525
10009526
10009527
10009528
10009529
10009530
10009531
10009532
10009533
10009534
10009535
10009536
10009537
10009538
10009539
10009540
10009541
10009542
10009543
10009544
10009545
10009546
10009547
10009548
10009549
10009550
10009551
10009552
10009553
10009554
10009555
10009556
10009557
10009558
10009559
10009560
10009561
10009562
10009563
10009564
10009565
10009566
10009567
10009568
10009569
10009570
10009571
10009572
10009573
10009574
10009575
10009576
10009577
10009578
10009579
10009580
10009581
10009582
10009583
10009584
10009585
10009586
10009587
10009588
10009589
10009590
10009591
10009592
10009593
10009594
10009595
10009596
10009597
10009598
10009599
10009600
10009601
10009602
10009603
10009604
10009605
10009606
10009607
10009608
10009609
10009610
10009611
10009612
10009613
10009614
10009615
10009616
10009617
10009618
10009619
10009620
10009621
10009622
10009623
10009624
10009625
10009626
10009627
10009628
10009629
10009630
10009631
10009632
10009633
10009634
10009635
10009636
10009637
10009638
10009639
10009640
10009641
10009642
10009643
10009644
10009645
10009646
10009647
10009648
10009649
10009650
10009651
10009652
10009653
10009654
10009655
10009656
10009657
10009658
10009659
10009660
10009661
10009662
10009663
10009664
10009665
10009666
10009667
10009668
10009669
10009670
10009671
10009672
10009673
10009674
10009675
10009676
10009677
10009678
10009679
10009680
10009681
10009682
10009683
10009684
10009685
10009686
10009687
10009688
10009689
10009690
10009691
10009692
10009693
10009694
10009695
10009696
10009697
10009698
10009699
10009700
10009701
10009702
10009703
10009704
10009705
10009706
10009707
10009708
10009709
10009710
10009711
10009712
10009713
10009714
10009715
10009716
10009717
10009718
10009719
10009720
10009721
10009722
10009723
10009724
10009725
10009726
10009727
10009728
10009729
10009730
10009731
10009732
10009733
10009734
10009735
10009736
10009737
10009738
10009739
10009740
10009741
10009742
10009743
10009744
10009745
10009746
10009747
10009748
10009749
10009750
10009751
10009752
10009753
10009754
10009755
10009756
10009757
10009758
10009759
10009760
10009761
10009762
10009763
10009764
10009765
10009766
10009767
10009768
10009769
10009770
10009771
10009772
10009773
10009774
10009775
10009776
10009777
10009778
10009779
10009780
10009781
10009782
10009783
10009784
10009785
10009786
10009787
10009788
10009789
10009790
10009791
10009792
10009793
10009794
10009795
10009796
10009797
10009798
10009799
10009800
10009801
10009802
10009803
10009804
10009805
10009806
10009807
10009808
10009809
10009810
10009811
10009812
10009813
10009814
10009815
10009816
10009817
10009818
10009819
10009820
10009821
10009822
10009823
10009824
10009825
10009826
10009827
10009828
10009829
10009830
10009831
10009832
10009833
10009834
10009835
10009836
10009837
10009838
10009839
10009840
10009841
10009842
10009843
10009844
10009845
10009846
10009847
10009848
10009849
10009850
10009851
10009852
10009853
10009854
10009855
10009856
10009857
10009858
10009859
10009860
10009861
10009862
10009863
10009864
10009865
10009866
10009867
10009868
10009869
10009870
10009871
10009872
10009873
10009874
10009875
10009876
10009877
10009878
10009879
10009880
10009881
10009882
10009883
10009884
10009885
10009886
10009887
10009888
10009889
10009890
10009891
10009892
10009893
10009894
10009895
10009896
10009897
10009898
10009899
10009900
10009901
10009902
10009903
10009904
10009905
10009906
10009907
10009908
10009909
10009910
10009911
10009912
10009913
10009914
10009915
10009916
10009917
10009918
10009919
10009920
10009921
10009922
10009923
10009924
10009925
10009926
10009927
10009928
10009929
10009930
10009931
10009932
10009933
10009934
10009935
10009936
10009937
10009938
10009939
10009940
10009941
10009942
10009943
10009944
10009945
10009946
10009947
10009948
10009949
10009950
10009951
10009952
10009953
10009954
10009955
10009956
10009957
10009958
10009959
10009960
10009961
10009962
10009963
10009964
10009965
10009966
10009967
10009968
10009969
10009970
10009971
10009972
10009973
10009974
10009975
10009976
10009977
10009978
10009979
10009980
10009981
10009982
10009983
10009984
10009985
10009986
10009987
10009988
10009989
10009990
10009991
10009992
10009993
10009994
10009995
10009996
10009997
10009998
10009999
10010000
