10000
422199537
878620119
844545280
796687776
872529282
522820224
465646679
726362823
667765684
102546415
625397308
886182124
698838089
228576056
641380750
234576427
609447766
370978611
712954120
336564321
801388535
463608201
938173580
935458006
76169827
629541498
890609778
181384663
111371040
665144069
579081230
920585187
649772341
558919671
625821982
645076146
122047803
475072484
228824369
259960831
643561518
960610859
552207149
223886853
174064999
606854151
549061553
482690182
241946165
186585010
353217712
734435705
52537027
969285689
842910080
803628293
86473015
712833785
791042714
236696371
428164940
493768700
11527397
564214012
676903193
737184334
706520654
86251905
483948736
888946408
959575241
963669449
749366494
806167230
162279246
821138641
806863331
980170817
45832007
647744299
755558901
785178807
310843915
417589440
843951137
658628274
408428879
548833498
635093143
585482728
16527010
639613548
149818882
908481491
385778043
630254924
873331960
927577222
396730975
884127437
749549853
807273145
669400209
359779131
227194918
402125788
922448345
225131043
326616227
316241581
804230597
181978965
659612959
444306312
230904976
613493597
783093494
976074637
593829449
115351556
650294133
144629947
572706855
509963408
176657439
6225165
170037779
192734349
312559932
339349644
844808001
653794567
954484671
150771686
414101909
213547741
658361762
751874926
571226063
862667102
732300195
326891754
680254268
32857639
985046374
82708120
945833458
423721483
312742022
519254213
463484705
440029623
232541143
955222635
461809299
446277835
700470964
502675912
663599959
446697503
857034396
593919846
424728104
516568895
592569043
641175269
96809902
643327881
878328407
639222365
855880852
849091518
156833913
513253388
493127200
68229181
186071678
594770957
589642971
148594341
208612484
766788377
232066262
636902179
5732890
778244264
646834930
410275683
402925696
64640932
498470241
313082388
119431402
836451222
873972931
348736399
797588785
119506154
367348490
268902009
14519527
777939574
376914868
919772169
266986689
923448265
806107223
11432390
853388084
144867779
584582493
46202322
879362496
468641222
467492455
534333448
361889306
593713727
582883726
590401735
508568033
198108797
196790605
562732160
450151139
999643416
946547123
111899293
345586138
128057
216102350
511682404
160383506
379220724
918047466
585213154
276348354
589595368
799556408
74259621
71876485
468919130
904622603
835904376
361507797
601275155
404048378
794093599
501554827
211793462
751550314
471687208
543328025
500591819
868573427
252513385
47881006
986704816
647790679
260277505
204008433
119947249
921680302
381929262
286727500
119979660
822468975
599903019
236164326
979658816
478942870
278342730
930927284
642584589
981373462
669421597
316272966
18444606
356535848
482321993
583293759
948807366
695351769
686412279
915808961
632954446
651089456
329795437
267329530
416291390
442400848
149616922
639408946
801380282
510752669
863638613
384972050
544157380
27660307
145213784
182478102
969123054
196806165
514644488
432903321
866109302
602589064
689355869
697910134
6653919
75902778
535527045
837813618
308622917
694042390
877614716
133412027
454798066
559614870
763668717
896529413
515973754
99650403
569315573
139823549
5980766
654353654
482841444
413874575
858866211
255365919
898535767
941153346
845104933
997191364
387752332
649971986
17958712
741804213
625647533
279392871
654563320
747276759
736648867
856940264
374691164
208701253
83923731
867844232
261134884
761293472
753148843
816123070
3396684
736684205
142114781
606811439
974544180
780724021
935620462
517742003
886728549
465829716
884506309
304801774
62091023
711211880
664385574
612486168
139182209
950561366
915558769
16615550
766807613
367434871
937324304
419672578
651196107
285195853
545914223
737812926
831501386
966777080
839475799
925045190
580399749
952588422
740694539
70359638
570896412
253380509
690528424
484045136
421053669
182991624
50688455
904934123
172628208
603931368
246599901
914360135
533848788
15832177
536464289
248140477
880601393
822861021
671761209
940753685
771806016
552712564
493550402
338884103
898840281
697699397
767320376
636986343
6899876
553220286
850998111
615833583
72240215
762965244
948289643
140190902
850600855
305576973
792624972
62784197
754741708
261881082
837669117
260668768
259266965
234595042
378148238
351812508
968732013
581727509
6008211
985569238
863788851
621657688
932467029
860405261
62899340
335717626
123552627
446823907
613622817
707122737
318962614
665687139
597789289
498770378
327043015
158015798
445739506
340988006
208909724
276529279
155584673
645900547
885459229
363526165
258117036
732830434
736425585
825623796
571456119
800882401
378977436
872367309
523428388
351190093
271001342
428978676
28913397
591404401
637542022
818127911
938694730
188067535
148646596
694133632
913577525
795503264
461408848
442343917
775531728
481326671
743673238
364795771
812192893
236772566
36152661
144748386
111800532
813120548
338174098
817145838
663583196
508108482
991558325
679209027
518888421
985363970
889670304
506824786
103171344
313022922
633860429
329153168
382303136
891279270
398404426
785826715
916971732
750215206
455352578
154323886
790831031
344753803
795103206
216821680
313500913
831461332
957298928
883558501
444024209
389828359
639782226
425899537
532006433
857777994
510877901
864515723
183998246
508492268
153744594
330935880
475596511
500763764
742940233
166124173
4970756
292916517
784617697
391922425
239340968
427569087
886903576
971594866
168736749
343662062
249848279
390785530
179188367
272940130
987497368
754125969
49021979
172145869
23489777
579504529
305387154
631756215
363887150
491544809
811006200
825911809
370704645
872291645
272947270
216792070
582806003
592423432
750267575
688533728
198389797
545341590
311934971
223255993
429994967
663046874
433203808
290488474
480561964
965513181
345948990
683522584
255262451
361571670
52014458
300745696
686256174
242621663
707277056
793570171
378543518
228169392
892644755
671024397
198988461
202114832
190382923
724401406
839213937
29703355
470209648
410349474
354040125
461954539
934087623
677531060
332119870
241843791
254792773
908327990
437728691
967329402
66937368
960545485
705046739
471189432
208204127
582233682
287158322
136230028
352431328
672171968
760933232
491768997
873616052
265843035
29038428
899725061
279656238
563907537
283310253
823368429
670485166
259351014
943622826
623567522
517881318
184025573
903085663
662457655
216585669
188624079
345392756
923348410
65072158
650542859
671095204
631860209
592889654
340776728
827979309
234030952
544963350
931457435
181704496
563491547
347595479
18510547
97755126
197932690
86639898
2321146
646197881
557303258
28263483
821843403
380074013
811461124
300105516
277536692
632491390
564478878
489006031
531848331
753300345
67620654
14316633
143384882
724973996
139902426
727054548
453919357
730519530
939050003
79448393
693113741
941085933
688457762
829765153
95129384
356400782
431961660
619354121
175729896
620609773
863165507
667456156
837622963
32632542
91675587
867139777
232778444
311646751
229177433
953126894
119376372
687555790
437755701
347893687
521876189
773863427
794290329
718547583
588688963
695341673
933272643
730116416
904641248
904556645
897597983
734806464
432166578
500672459
621174665
647745696
707194191
701421963
22228981
952422134
101822300
257564136
749115253
752983036
275411321
909572307
324239354
268335371
650815893
576958394
211525967
372748351
283937732
883718318
812700284
797476058
560517168
987577685
121735278
399031739
868734423
174056569
325565355
335175701
865583541
417401989
638779927
468980364
632107358
46760504
856071255
718909670
757791741
606489063
115488663
56984532
120972139
871836631
999298633
133701565
877983821
418650504
509841192
78146385
485902198
646122680
8108339
976944005
910964694
421363343
640397719
151879894
616435279
490275688
482095791
438872073
324582488
678980612
4703597
545787112
545140646
661336220
868643353
942339620
843794530
876082761
716710368
402261772
721474260
577861685
572068036
817958734
622380389
690354551
32452
412792961
72730777
415746772
55820156
919835395
318530989
343294916
262905600
990946082
928456101
93454171
215286165
182661641
876214572
106215917
863402601
222817404
306325364
818217475
328128826
246845487
778993396
542946453
590434584
342818806
667677372
637103430
46295352
923121919
986679574
239263447
123730611
29594088
63794955
968080155
442358731
810098986
944650411
797787742
801612438
356927960
574946887
528208441
288663419
373566140
307415758
997289983
94839560
179004595
843908161
996433258
690745785
211689652
769749677
976784538
39647285
847245500
512477235
601046854
62596100
871661974
173093111
825727429
613643276
641439933
252467158
253397765
687352219
362397855
525033704
720858026
32816114
607277410
727906459
805165892
459445467
821913647
308410243
59405079
164640673
505427771
935836016
304428571
48044889
202282450
157879410
243082857
575093966
206693488
234164382
60412685
998955786
697382485
919622093
190442325
420476747
821018763
741157362
442668485
533973732
97300252
979814357
125731241
568200489
259125914
699420867
595551787
714431636
904698997
85461251
736630755
631253938
258830842
988505200
390334315
195062858
639044320
911288638
469989084
786615628
50799955
902846206
624487594
163754842
938822003
68675034
554406245
564394506
205759617
83584167
845320942
310331003
569502893
947651229
74285801
648034273
291608289
608860875
501826249
606940167
429349389
570001780
803173388
158745233
927062846
546368083
58747255
323310413
357685226
163709598
776757435
118922211
496048715
413559619
388639849
871945329
375284253
24985514
858903061
81111978
67731396
630918583
815045789
604756968
377435631
603878563
755770440
640167660
711660740
155337595
656745745
512687656
787864462
902489246
547688438
607417038
87788002
242815544
730260606
699126198
257845990
816498253
73729178
618784728
930211666
537493412
74869889
473798692
343004121
739086274
690309042
873846416
706817515
550005808
985576834
526733548
103674574
420632234
593285564
778110264
740364224
924606247
453947791
671516455
635578732
270644881
106404938
285839865
661298222
678627696
366252710
979796841
18848350
609590724
739159656
810065394
47348574
205336093
955561762
688184632
878985381
318049013
27427528
87108192
780403069
507230270
494161554
21681729
426192382
373262571
960335758
425618750
396463855
545657678
556834065
733722384
23491770
335033314
643237951
75647889
991588300
301914859
281529973
493425921
615811406
575394017
977103475
797891694
329897745
713611305
243331723
117417515
660480198
527466730
980373924
711333588
301428223
744142207
893866555
711115254
735367519
967493850
787662755
155840325
209281344
334434767
676458710
522490216
440389452
358178523
557712095
676057159
350456120
114230648
906944725
6972948
876484308
929148741
957141233
186844540
525547602
750468869
913526235
727779061
539349243
491819619
180378321
617111332
392004145
560563635
674592425
465859730
48809786
350673801
16491781
458738226
212648221
380632167
553326892
870926891
133547368
341969423
492311195
1529475
977892064
564423173
349820092
650018530
494290532
382151478
967758472
657572819
420127894
271868543
595233811
6675932
741184246
613847608
853376131
132850624
150600473
173544029
846842597
873189540
546517515
347464852
548572899
399508729
124996631
764542236
785028401
5233724
445212960
718892844
378661979
165786199
510033393
399345360
89008674
239119105
51361269
932019274
746310639
921073557
510279254
972864954
731440835
274682767
358060441
701785483
689423606
838935906
781827781
922357347
636492218
46369708
570536673
232375222
423592822
209154976
2572728
184766026
167654000
724243564
834015200
734518340
675468898
662021370
400081590
254347795
684812264
385905176
347707517
502178829
551991568
286834751
775500724
378768924
9582352
951886022
745986534
576356308
987369953
817364353
741063406
611668700
64517935
768835428
74934790
444876106
40507787
917568499
292728290
65733019
475023613
128488622
166402310
411520644
3696388
252326551
426791903
140065266
816293601
221569086
800469131
477969383
709685306
620409865
785052588
609068815
599105876
681946126
451831187
55338391
580144726
629412077
458256431
432846063
44543566
782309100
107761109
54031660
426696057
369399676
821880292
741632459
255839022
795241725
192397783
728950415
296454269
222400505
805342805
488152217
587284634
406678222
357725861
591852367
724383578
898551668
32492967
631407365
980595968
664581799
237712678
521610518
584748388
185211630
578859485
736655774
975343274
685771938
8733324
444050648
180987965
291765176
849972943
870907361
239271733
713738947
504999880
219841557
768268599
698871463
468197232
920821727
257929057
376875734
841750284
684529288
675049986
187306177
54021770
366614414
772258568
651853186
221610901
825788115
967206450
206110004
739378198
514728113
9548137
561387098
38875637
837891308
898456462
450739674
613840893
927278448
869576523
240747766
52879632
106890402
440017762
533050025
204151986
283773221
257755975
832372010
15958513
158679276
450619922
990199981
942770454
96152960
489213925
902073823
254481722
826647697
673854791
59659420
872363228
588448559
708043194
16584417
331761218
191156940
703210874
122435024
159857888
582828186
716723041
384786009
686021203
610214129
584200819
732521619
295675589
60432328
340552031
172269899
893358158
801592098
488169155
902932198
310774907
433605921
510323780
461697675
729613256
342607407
713882027
952823483
911131325
339431717
850793102
178579148
312841812
317605075
783617418
922661519
453612826
639557178
730674061
913548102
203347878
855092602
990801778
515002929
305827041
520036654
103994236
356846899
667492906
703168188
881753959
277215484
581426890
987811894
968434859
739930279
531841741
800007376
261906707
217611133
58149518
503878156
742403579
26467722
466121190
322875510
665628871
140629528
81382771
671830942
930671164
69814517
739180679
938541141
12265624
915328769
27435436
705981368
340701358
921544342
534750100
258641455
669391943
819423721
55827002
187096773
131792487
381778481
516309629
427531663
828963920
902098616
681190462
300217702
601886553
203774820
865630386
437264657
821005712
276136440
380086115
890068583
769738458
345773106
341097388
380148900
229202050
269240697
363250675
161197482
989367361
572563297
723058687
249310992
131629643
79400155
313384937
443597777
592919383
898725180
394027964
617168979
437927219
485700390
665931383
980519004
265088793
798071289
402641748
990056347
730574317
734847529
797011868
420581691
325607835
215057042
181344693
410744471
517241943
981642550
252621301
603828921
546292695
988082488
52181467
377011194
504884562
452983157
119273168
532396684
536938436
180642825
271018311
349236685
556593956
97414767
903042246
400016773
327858135
751975413
546716557
849072073
23992686
348583925
516812332
744019432
214879841
983892134
484866568
725589032
597188583
540403685
759950984
998679280
909651241
364508078
423377626
492319005
770197224
962212962
283171245
632588100
923329655
160231598
574788436
440584868
316253847
497341249
590007934
890166137
343927822
665971775
165807266
565077256
115091554
359669710
658231837
994873714
965057109
537360294
388588030
155092633
281059377
999652513
103958642
196619290
995395830
811766944
801229149
770682354
324626202
359328018
439985080
941476430
583029461
963190178
778365005
616566629
849073350
20751981
130352405
46674714
250833410
460490948
502437173
48349325
130655332
503632845
94781476
300271052
735694038
59315247
227289814
24778680
352283908
343428365
481587666
572430200
944337200
25521674
957270794
886076164
277362486
442294611
211145792
908551487
682813268
717873354
713789563
50086346
659171058
722734248
349979205
747539760
230080654
593315227
302193686
142878187
310236601
163781961
29818738
97861279
298245472
666902885
880662173
690387680
486313613
736227223
407269220
484348617
686850279
611138361
772333163
636168395
709575118
176423896
656923238
297170763
109505153
392078275
167418742
140456974
574676306
693478723
803371123
759253997
297373676
299947209
320924290
410698622
673773309
170758706
51879033
910439035
501762488
827187801
962973228
127860995
436652133
660365565
843013478
74579317
945452021
721412564
490823360
125396201
377442449
613134906
9421726
765161067
553159647
812269532
815471032
642768957
31819083
298141122
11524375
590536620
205276770
600024489
586872697
804911159
173097975
685351804
890844288
39549723
170308362
666260903
907920338
645507916
8308076
546082988
85887226
670281149
424055420
426741665
161567870
719274034
274596055
59551858
891379847
485168396
104771014
543981615
489459583
492191484
773685727
684938516
961716167
386140580
110502258
523834190
232631473
61817087
620611323
75815400
895771455
474075851
108664628
390868049
838242413
448118941
29242776
560527218
578032958
339216445
553411648
684542526
875565083
508442053
955473874
443516102
278329819
762594364
488484367
696892333
160537739
958975358
982421340
996463206
474903813
891021513
92210552
763133386
57745738
602223022
89434514
985034110
425734700
529478494
81794941
524766265
140547995
950218665
494293543
108981342
730763789
124843610
922293527
919532756
164163215
396046538
997847827
750677026
880120267
194857573
952849157
730475849
959142136
375127173
692180029
590520031
779985393
503848953
808945321
319628238
746067728
749391684
160373925
686287032
467959120
356639988
441066935
130966905
248341254
763378165
341852438
52652220
118702143
652065380
513774465
795004408
352223298
194678717
920931801
51680987
476900843
17227896
984590260
173907226
316304332
43010367
311077641
712919684
327212270
265558278
840314963
826087143
646172428
693232912
40476125
130980694
682840986
863353703
662027896
552056693
112236570
941188912
366224246
774335564
674665956
576060723
146838173
1716663
903620527
41807723
63533774
485547186
351499722
553866407
698124177
781081113
642852280
143808546
374551929
632343726
540500302
953331286
925757488
911275470
104370113
241745571
37415100
555641803
921858312
814740655
27629108
867199991
833454996
300357037
544872260
629944471
735408274
85063161
36151669
476441030
359712354
960069036
214952932
65387954
928836498
295318349
156476331
491588680
114594286
599049881
682738632
630283138
549053819
35885889
962677350
662768000
770653931
63530632
512394249
869008730
112099586
288079584
820337073
317108616
116351776
978818896
460223355
142157778
227314042
890159513
325525143
423107215
719783518
381959444
93990204
24450304
314067842
400521950
831102753
41138330
459367537
763563459
406095955
836683481
941245091
287751433
818704617
579486283
148311047
620290830
917893565
733934032
71017574
549375083
483621564
133533583
440813762
958167936
254109895
161439712
485115552
379488909
290204291
824309945
510783846
43114806
506901573
283955797
452379201
353189831
833469982
569558637
427768889
552961934
666864404
709399533
188856412
945075766
147640787
191037939
993694092
394836347
282666675
920171353
584183828
523104622
648882923
413357328
985476543
806342208
572497624
755726220
343604319
143308039
354290020
808076888
444305818
52850317
408935789
413494922
844895248
45761021
301995517
521046032
998088915
634641630
688394863
634603557
256065967
557217839
117497318
433345549
345837402
517863618
56336300
470170203
625571369
94158625
757293327
961932284
529969606
287295131
613723317
184763467
759885176
700284180
357638594
353646549
847481620
468963555
828531439
838003009
452046269
316079962
702743068
521121606
438479150
934130350
476651074
599354670
931440584
105582814
278621202
873682
775873374
349809767
566730660
531606332
358610531
675689696
738289336
138764234
859511070
225181483
161307781
572943993
652824333
96813943
854519365
451491640
645103384
623776997
973846083
305530006
214976058
807447466
385112878
79519289
256762671
629760074
70425801
637341222
632102116
568706881
817759912
978334375
379953547
486601789
767912766
785052618
265768836
371446382
479354589
761836043
404440956
777404659
764227540
11473999
493933264
456991464
24803412
607127490
441183646
871903835
40999995
279403739
651727379
318057374
233790505
758182926
162748289
960198396
546550322
426005772
422193246
265811292
453309741
926842081
876140839
121292663
867798222
479971439
176697457
393579
695514518
853767792
460684053
435607682
984708822
715240044
967699279
510014856
390671823
800184394
208726500
274492527
814436206
687254171
34098505
112391083
532279402
210725482
610524388
358933514
372824234
832748081
357799831
854223995
725463074
404690445
903653167
347449888
43119235
119991455
350281309
424222450
403648727
602477659
168062962
410041994
837447997
906843269
226644552
998378232
197757689
457692893
601875438
788090668
576683446
363585993
124887441
514193860
249327213
910732009
376143034
195349047
238787124
223886038
173416247
893946960
951628448
883313859
137394851
107718264
539400740
841205190
777785397
366597358
293369705
223790821
660366490
110593420
179272314
300411785
431932268
644690748
999228053
295099020
128304575
887356893
379626516
933273799
793956940
332152757
764628587
442311089
280228645
951414364
350434589
52496013
100285848
121632451
313517195
10715893
60215351
160769313
978835128
369398360
29662713
240881618
344723248
449688549
967008431
301326339
66081523
621606278
177400527
710181324
52161600
668519104
181937612
716784266
613165075
412420407
6528513
644489536
825468460
215632561
596270871
594275969
866352309
958917257
431863701
173753571
636709355
70826841
204603557
791658545
161305439
415821609
272976734
228809160
510918677
499731018
643864773
846018933
230114815
684784669
280070449
726142786
531460997
177631802
814209102
107736781
974623509
145313447
839760090
276566903
913131328
142279497
411897963
619714008
375398509
178334892
926699171
118896169
933654586
24408269
37886068
348015972
183393234
310140845
808721591
242328615
767112110
726214597
44267048
678051285
307963357
241588222
184546856
5665700
350426962
294322837
905806667
275739869
418711072
462078010
80898708
660835821
496742671
279091932
631136067
878376721
134022885
146899943
668676030
985351345
657732338
359454817
171883645
533104016
486836194
504482321
650089537
192527226
388597751
548798823
717602632
446531985
113233189
125808063
711590592
285508354
463386426
73873734
407010665
871117397
737902629
555866605
307592860
916282482
394681608
909126299
33968793
915395155
583724087
367182732
323057862
124826728
749388420
193667780
713916914
352181044
362620920
780266140
31705507
358580978
796849081
882472074
412149788
705901780
236898404
165163505
897869088
385479653
76744482
101265836
248775178
248861280
370160887
945829053
380143868
183130269
323197082
329713055
917221239
44184032
634555952
95466806
941475324
55663793
970782668
130014837
470550087
208565992
485301369
969150977
303044668
185544683
487698581
602195453
593841860
137756125
556403410
50272961
275836534
444306962
357579413
486200015
840964948
646934138
705269964
248872292
323602662
171838830
792112986
986180734
869047857
883684731
89479540
771743817
673731354
394869490
330134344
66549205
643445102
567422782
416462158
617383691
34344605
715620545
323320375
596996057
108535629
131981254
192063053
881793353
29559405
744268831
65061087
265900996
273806584
36418525
261452373
571243094
455543077
782445774
396183792
402641850
460244416
173219260
355906033
472395688
10814656
244706342
675361036
581611668
321165624
333746441
104003352
301564810
279273688
66998224
892228154
196727705
550630844
327735229
355060191
608191894
972634022
421233192
389831863
577989
442433158
349492891
465169360
447485331
687365308
741659762
106040359
670648048
866214811
830817627
524761893
957169821
837810386
530620313
591703941
85381898
985394177
853721560
682112901
996074807
169220856
376649369
21352576
150694943
742009576
342446903
770922961
886894878
636074466
335332223
496213469
798433073
843737380
205347118
837231377
132792247
538270326
146075969
864232673
780399692
512805438
629538401
690888936
483659564
975672309
81992458
691425309
449307086
472722273
203345756
367938568
888645301
190610537
968292304
951505990
511683391
709308491
899291489
107475219
846121995
260575595
744733683
318202677
70335959
119553637
164749348
884534829
674018476
383909313
384013447
449799836
701639303
774844862
314280808
773729664
24153844
607309141
758350364
32022219
989348680
540021576
747094872
945567001
897076054
947888755
624998111
267301163
250818347
837824326
951726688
27136036
539449073
899668028
354809018
432571922
314891317
704937331
827327781
180872825
301979666
563363907
688388055
269177928
553181013
451056183
770489729
541638139
540528849
125496662
676152621
157623947
386156184
855308758
452792199
667917183
999962476
147018108
262983799
198956266
99090209
202969243
861918149
861174580
158763447
233384755
137916625
230220584
536609019
129982936
100320801
946185167
441550740
734448820
483987572
715986547
286602398
404176801
164761565
397106725
826752637
585783809
147969912
364498351
40704651
196365000
191075382
738621686
310533377
951053558
202169589
727442927
970477130
52847619
942001445
120580863
694628274
529560609
358388019
214849373
606039011
37488927
619114028
730284152
455668415
365803934
117959507
607065190
779058837
383089960
568442010
129184136
328274316
582217921
835166209
987021102
285392691
424677263
462775935
640891774
361490648
276426302
65900961
830431947
194025615
656810102
937035584
990888840
950795001
755696740
585910789
363743717
619705712
90874208
832219034
299641248
413939266
789500791
155364412
487324016
509443137
417821169
336697704
22976665
6160357
773580035
292813286
814716769
55927241
46812793
182434387
284090945
881624399
454612752
566966198
71773001
724436497
315971669
306572385
723079650
102515667
902783129
53499504
903623292
581982926
998479398
851190124
242227059
9861340
509384134
393793562
196550645
875130834
326856638
153247608
154544420
661517808
446418753
218391476
861381911
630043720
800673903
252243674
698475809
259514004
20101742
312172709
475858847
973946481
339209631
904111939
39027242
805233242
44692094
252759194
593058130
245477054
396928340
434580480
877122178
55376451
528148660
972557232
850108523
261525471
189300467
124471631
798478072
3522421
706568748
762804648
202958617
401654291
243346057
222451458
132524817
457402751
842656452
464440304
634238302
676691285
422903382
271479235
679942022
651218773
353818593
801605460
660415390
549329426
294680087
225106197
610996316
869218305
857096366
633476166
314807206
922456376
670126357
206200283
242157865
681253353
796004222
918298034
53025395
876034522
591935483
625332666
768741362
968985123
667040259
848919496
190770129
707940788
289346654
762626846
706751795
873184254
861416895
984143169
594539640
801947510
181544431
328398810
530086931
950439657
457405267
10005160
279545126
973168405
903081413
246200002
839548442
220927016
54384910
7225592
329182973
500291119
783777376
932413115
170315924
28164354
969722924
439460499
681432387
348548830
334038921
650958331
484427185
640821921
334124447
748548166
641106997
138807470
333552733
341560010
360256152
642188929
172187980
654733077
207863843
192894931
1266209
386714723
592391331
759664739
223290510
3562291
580427518
8123463
495630820
646105314
823954563
984519432
499759892
938432666
409194861
387179871
89836113
641547501
626426621
208151127
812387896
999172509
118750285
729015503
316671809
421200260
232967886
697933468
851629932
221996802
721039117
982200248
757545018
74262608
803671766
366603305
246468553
589405817
18980226
158082329
841295900
264006102
609581332
7337957
831524955
651465187
596535872
5472063
364965869
957261308
272769005
134089101
187207321
433617679
829721159
49290548
835933003
88326261
758077243
287589089
656452585
90505281
297772565
124943399
177365386
702696954
501846800
783113933
313340452
967870906
927286225
348686607
182187889
202443373
378711115
836877856
713935656
781647527
884380991
825743288
600893179
432342486
310199362
800105792
136448686
26972488
448225703
424836380
952468684
531907283
35354791
244127391
907901922
197690881
900700638
388988270
810766343
377262572
881579412
285669624
216928921
133141982
150769185
636209678
949091635
801325086
297779253
764252651
217820624
909575399
345854200
68222161
121030867
280656759
109831481
163805883
417534891
227628859
669657924
958011055
258459348
187002696
956640540
25947020
460798217
518837544
448343155
316113409
475775924
990437206
709461394
416043329
694408040
657835063
597310000
266732556
869362411
363679997
313611418
969103999
288799449
587865423
391070272
551029088
564970410
384208648
803192855
817953157
531972592
5467307
624100673
191133669
52310010
614754130
718736998
338474267
46539422
255615947
242336081
955041755
329132424
58468560
399472376
668508848
487490490
872996900
752462112
277661647
839024034
839907249
46089982
983298747
139587989
350291241
681474650
425663172
351311613
117409654
791811593
897398407
760898139
938918961
510340680
638619151
772826439
334341787
578842210
305676431
479394642
293364474
567699013
559091111
859324213
513710151
96651695
814578691
158860999
307572008
968546296
841238716
490903148
86358186
158730277
654597770
380572436
537585915
236830877
162795228
646852086
858263918
415475645
102631187
10839220
92052010
304320028
240915276
984391098
406495085
556934356
588961468
374870270
349037952
839545969
624376829
540732922
78709012
128229112
257645661
87555275
506213529
718426433
660911024
386551817
330426695
736950788
751986923
991433886
586098481
129950278
905442071
812223910
131932559
717686651
550016083
165170071
912082917
396660505
438134
727206359
356246354
306951979
951244744
680403710
294775079
15604260
176938134
244370497
877368162
683649211
856987409
59497692
344671193
168604296
653610315
63976722
125853823
465987752
436378708
711182365
713139871
742066417
672073285
33906727
5119981
277568351
311747418
811363955
408998611
648092836
315399851
24239901
379809178
189611383
217849917
675473058
671100784
683329069
280675182
946931163
768849197
648890195
745037630
763404451
57497005
280979260
474758800
583856742
644605110
965735974
771105576
842037343
493333355
736710490
450080890
868438857
767806392
11134017
107858798
996647861
721467250
843116805
198466852
27067376
905308372
897558234
601917165
868034620
504988518
182566749
268401338
817768600
945171848
704875392
615329353
873599388
581856966
989291652
160186741
577207250
883651700
667774257
972749058
634536304
855390891
377124537
819911304
925889498
858662476
483872592
261218661
597150183
940522244
605218063
432232368
812973939
176531583
624309650
786889267
52867995
633259595
745473230
92709382
758294083
976713858
193822725
349286226
856902841
905845933
395305912
725090203
699007932
124569224
684255597
18551360
870861243
846210868
521999974
774208886
121198702
310594077
102897436
673270241
680373472
416613371
446981897
863824410
540423214
671290838
933696108
722707036
160205555
161973884
543547737
897406485
793265401
729815441
459039338
84824517
795132052
223676905
803962272
357847656
8649107
111750983
802774567
978974065
911942523
792586295
737486895
156487354
787935607
635364685
812024088
991718628
265394482
979999920
478370978
275248978
30009367
537475926
652514978
659485099
297287929
306033996
253385788
857779748
718170360
305340866
317585447
477818132
66386523
407133714
548078782
846108984
575341189
277531173
969480294
355685748
733013763
507499361
256890824
162412113
431028518
794751136
502242067
762033934
270924547
953431079
300528246
882393601
764707005
61539407
960090985
20602924
646051153
113612867
594341147
438249885
128838373
796817919
365791177
731761415
167453465
580866914
713143080
898326085
490815531
190250567
119841291
601945554
854613513
414340962
189699618
403374750
530158430
354137882
218665806
210546051
210187609
242255033
387213131
437615100
162392386
986302146
317507980
819251246
535452831
842542105
172988283
407183140
548150480
180153421
532485717
11608700
143142535
242848361
948429497
648987522
382420916
153427876
551151244
896799116
987861706
636388418
124034405
929250784
612671671
18946134
853606183
66846555
54461275
596649032
390763346
159176356
39164351
468866106
115407115
75445371
911463206
148254519
107166019
545955412
424921811
387165811
360240762
265935288
45812312
26673046
467379044
982061708
226000558
356958858
921266063
336837947
669152561
484784845
641424787
13292706
363362472
468945673
245912072
264941993
740360722
937792969
584474376
821565398
90556550
639731947
297289590
542394421
169134829
666292383
647281531
508046898
773726053
616238097
705424081
156129353
499141846
347809735
807004194
265751801
625241749
4376572
494027566
304341709
724083942
814545248
736236267
561492567
581806405
187359802
285839429
998770053
570117951
1237086
32189933
644160809
353923899
89534624
562247819
101039274
86812520
289220302
392843880
443487441
951903595
367627565
149635480
257033979
894899348
403918547
498440728
447914030
958575738
582365226
605515995
171982750
925246817
971667974
715425753
45679690
248189285
30588684
168033076
895769726
787397777
14538255
627974628
485974052
424817825
906124606
918887524
751195285
711391179
375383138
818163211
216889388
54686005
917982184
932720959
787920619
276064408
538770538
971053324
904337641
797161522
361231979
690830070
259687419
411440718
92911948
892909227
102682117
788586515
121340610
396935083
599729546
116361058
573939522
741709405
876850523
469564351
7569319
105004680
774497387
643387326
379637706
223372870
146544183
88495006
843115579
650543511
253422909
697282461
367078817
319946828
444104420
151616662
691607791
933381830
681962265
824533080
289189099
296692037
836230323
906986053
598015027
816345401
9220
605940864
525874464
649750141
385374157
283453600
974537965
918968768
368220923
767209716
820642765
761347560
873250747
96268092
406492676
645326402
139191184
282490378
452466004
226386054
119084936
772582827
275190678
989281340
603989459
429775042
325879047
3466483
203220177
949766020
775120417
751916861
483483152
495849422
818303337
79264264
499905757
565187328
564858725
985714973
836868903
312950139
605846544
993348821
335681489
939897942
689572825
999157107
70211672
992930573
209210634
773351376
928005787
469653347
616192757
656902722
540049412
838144450
583701447
769446170
346614333
838644737
72727382
852009704
372226554
562538167
122382180
246185051
618005527
781980546
164604694
928446992
288780219
680862601
176664540
247737832
979362655
462483023
775136156
519242570
834952461
475399962
359849737
947553357
198922964
526709350
858326864
32536863
556980519
456604215
215517686
163431192
882330342
851197873
950748873
599015786
539048074
881101681
690387379
913284572
445727663
663305322
434726130
556036651
802696628
599626387
733255985
457352991
541205533
278013719
914064790
860081734
318635680
368273260
198567915
294447896
759706099
22188389
532440648
882706942
489446690
767890691
290497826
363597752
848286229
988820134
286489627
363489051
974966486
340163944
952855917
735904923
578538003
362515800
689412406
736851794
159644630
846138405
54739842
134742992
977079113
702044929
499401593
844160694
132731219
967758690
449041261
260528701
668011464
404604678
419186194
148748912
478822363
115155777
605073623
41349182
51578843
789005072
167534970
308084062
826169865
627652134
412646960
774550214
639162691
342501480
723058632
92729752
916942059
985051782
142404991
316346170
140947159
927029768
107917877
998836443
201997822
212914450
572453089
643404507
715956868
830047523
266814115
727271296
74637760
990939939
461134717
437988
315177068
603348072
828559696
763901393
656336876
729187373
396006574
483551621
750222572
189029362
283235632
210598013
299206562
867336191
536025949
841858565
654856542
139251598
2167362
797843377
733957365
198406579
140557082
647004255
287602450
379777571
350294309
649285234
979416192
592006197
730027545
160040029
219885412
764163789
155160462
987822032
957605386
699168290
906632348
667176185
936688970
684202325
232518470
702939930
788695002
259876308
377761758
118384951
821907735
176223324
773985931
370028211
233992690
25857931
418324663
251310392
879184580
23575145
861531459
160975871
891881007
514912828
850846690
823564184
437217260
320553649
135638412
859648731
105662086
609573257
161155882
938366835
986325516
317040459
731697964
609253115
88225222
423468822
669477025
44340040
980139747
291978244
635869540
484448283
105916067
394302286
67279971
463646736
325163538
747062444
179368036
89820438
954654774
321836944
112356248
204114715
371271244
958091231
771500525
395800485
876533215
876127892
809665888
320182895
774989177
871966800
197057421
82752776
196149850
496730170
925367574
382296884
350994583
646919714
973857796
978624521
55912227
501354535
644444536
777540079
782735053
421329748
855485255
42516602
178505875
817865757
343437834
745823785
565366937
591624164
689480905
376622456
695797758
375165459
979747611
705546396
564395755
5993853
80758870
8658173
390779963
870479793
563156380
902699316
160096829
303537818
794665018
332072218
331582444
100913022
674210164
46842596
914122594
608429981
717145181
515487497
788649697
178933974
450273474
788780409
734231468
665729884
605469637
658593691
718017287
699658947
387042086
307395564
917088477
146147248
158443702
425014616
567401578
623277478
526967891
50136101
525714100
170654334
869113885
344795045
25940579
324936441
10836213
888419523
112981265
130992366
294424873
127011074
286554389
667173575
667152210
984006890
362741110
32385385
874270347
987893427
605414484
141147054
444792515
928499279
394019127
243401398
485289255
284646043
1339866
160657596
558479534
897948984
506755255
751240855
634834652
630722895
681316275
514877156
930229226
671139028
920981937
601824039
701059533
619560739
234189823
427745188
990140055
325427700
464416546
400599113
790761562
389856606
800923759
590103703
884724518
587826656
193091765
54132756
810701216
313357962
114746406
672248561
942039818
694462704
348731974
384795312
270187382
262444768
944471956
132296295
583702523
783704706
457075726
792912821
79696144
743826263
226575762
740546936
932620504
471444749
996752090
957107354
692644612
22258460
309722811
145127187
341478140
16737726
261556479
85208650
552197756
820520122
863101913
444312494
227733156
614369824
908299812
285223304
345514896
905212347
461725297
864426223
752975435
152331863
908931774
266942435
217193613
141392782
987942928
148559292
60052995
177441220
129341722
510701298
212334475
335925665
71343965
623908108
4161771
971043809
238822342
291187288
522094773
502135014
844216463
36567400
499459717
811338551
76065042
212804712
359186758
418504392
366880514
194790036
137808851
937426957
248938077
777967543
730708666
605928254
657815504
706207143
94721297
632850212
360406042
320482986
288834072
505906582
907433029
474607925
929304937
727584920
343908764
579702931
209176811
463890573
397894965
409105337
547223489
628629436
234868208
608238473
395511160
504069935
532481161
151413846
955801283
430831658
155733475
833068804
332894946
265347782
203053906
712174102
281397548
749244971
996092482
87386116
534996944
362067204
620655933
173501650
635903115
426532491
747300712
975039356
878539884
315771283
181133157
765831298
182238374
761511222
281337329
585454069
538189308
286789418
984351898
247433429
920105722
19038897
122209590
904683072
662383469
307880132
343203307
847057690
249994909
963161474
697972873
135359568
634810872
138304482
942947582
231241672
539772323
332526534
856038262
353055132
277954142
752381958
454962827
263901115
854621715
244134469
249490886
649688266
924231355
208472608
925072312
805232598
133431810
633342859
850933175
223304869
854813590
636946224
143480845
368262413
77885731
365873296
743703445
643554148
454306322
689558993
383087875
652963685
619965858
112364131
265786200
626135851
935215324
578958733
96275797
657596917
607460988
259690608
773996978
132788046
394214829
300228807
385770998
898103342
495709541
589291541
461763225
676147925
608091439
302191438
192598398
430866011
587906394
967597694
747099524
911317386
464293460
808282822
817368254
280851131
820944669
130484585
897963684
121957572
762127132
902471204
775357919
693334308
673806972
704472459
248634415
614148811
535101618
784196029
181046144
714170774
13590167
562150964
424299233
83006120
286957889
930630822
267038316
167054157
278175973
589798034
67975175
364238333
489521111
735960153
697182982
921797324
665892859
457080118
54079784
654777364
914660426
322291413
681761987
188637999
571928316
954566466
735281883
65745226
976312039
600777201
891050737
741990225
783110816
243891112
821942565
637424859
308786681
53866767
561576507
632859931
995133131
467413023
990147539
102568863
217247655
710607970
810533227
211532003
895670121
49256600
923890084
417844697
823606656
253466418
715159323
960026067
658672882
37322720
122124269
515432628
732425211
648081548
539751735
802453833
429590948
157875099
150012101
740609941
781654944
432174531
355041704
909563373
707991413
30333938
747620017
814852265
459028123
648763176
270127090
31088326
20481900
741128415
320536376
687636460
331579898
505508070
372241465
814927480
995902684
101012360
652042050
482189999
685313676
451732011
898812630
673048410
751623370
651218987
516108854
399249293
98140828
646713135
294699887
701821295
208430834
533050707
900184945
804364550
474942962
279922835
800249264
905769309
664442296
326106888
54474621
604629701
179788449
988358904
900682945
319174676
286791800
965470179
863624663
535056259
806773872
172735386
589846874
582639603
331787849
734930206
221579987
729635289
281447196
570329211
170824163
840303192
212090928
264424193
817925047
439442028
687094058
521153855
428295586
148637975
594511101
134162701
193815984
730921470
451965706
107660790
941425304
518983472
96181365
554974131
271382837
318460738
43264273
268028276
910078276
613156028
293995685
79190899
976695031
32208736
569830380
482692881
92442796
483255802
65055194
835887076
887924552
884191071
953268737
871556875
507983606
174550437
271126690
803103733
689971986
36361215
790375625
149198172
308291752
809704867
143361068
943762083
341636725
533448832
181975513
328696053
535512260
451598706
447765073
186242321
448530590
523110213
302991901
28037899
986968700
548565597
763954357
777951265
862513612
267108719
852950904
834288123
948067914
663092094
497838124
176866897
590854954
15831686
570474229
411112668
408324025
787350892
737201925
280831408
829441391
596988122
400064202
53649438
964134776
279183227
269901811
271239586
317184811
510558480
852970754
6151413
321792925
671164222
900644961
452319519
571120962
368876272
63858435
247565066
554630543
873292605
526121391
391248832
16114739
33361075
79162364
868700858
863294818
386875072
936597670
251975429
520999031
847780272
23823620
532049979
764828427
765294459
972815764
595417822
327587057
978667752
23058793
99692449
981696094
146967049
454092361
759313621
867140102
588580661
767165728
515231286
603565690
414851803
506392783
849729827
178432599
743734750
239852639
122810626
492490787
754599931
698203983
733722956
377450014
294904597
875183919
62790881
253885062
299722798
181171318
688169098
47278875
798399229
63881270
136659280
615853646
445629455
412697238
782602621
225619101
167340492
729213377
83482161
315099199
164153779
800020474
937127344
306466297
812141860
536841942
980218725
6547405
395169108
369945630
260905382
554646052
390792032
458425796
846070883
923202614
982721704
45828354
32508276
143639483
281021276
687488103
189568586
680134219
9495033
554695978
114189737
544935143
957535403
902169533
643809827
819433789
93222765
546361131
523165642
945649540
920219254
467182290
852644337
147938818
277604556
571323392
305390132
380189796
883846117
981145961
990363364
577172642
381505795
384725918
580883444
869210018
326359077
431437051
994616557
889587071
324329952
779899464
310741425
350932414
565711758
131280127
954707386
588626794
875626879
568714314
568076053
530916869
157926420
429000574
185437317
585381366
29421015
80058094
740720309
559616137
967919309
391356897
562546525
38080501
282237258
947331942
418649130
792639347
367466113
800129195
980988247
183295438
196759419
126318925
517679419
850108831
629598634
117994843
207597139
819826329
823361738
671174436
92442077
397736580
488116660
431397942
298649913
335571594
685010799
505249282
918973577
655991861
159658946
683375906
545808692
816951027
499463513
401145430
537249530
183102281
953868525
995406590
918479351
422063638
827681325
376765938
918572159
12183526
420423866
783205029
799497930
222295505
640394681
418837740
618893835
625420010
993214492
294394507
630660783
42612238
630150822
725252610
230127339
109803494
960176985
49062778
517002601
451143105
57617717
823583923
18575476
503504007
963300058
803236199
466531084
779016719
470508947
649513467
624539520
851952622
115686582
190804650
936786071
297562224
180418139
36630215
773670123
954513750
972907606
375976682
297861302
409343641
726354718
851313265
815255713
466449987
272791582
312950834
426587403
525892170
458920594
912955510
242645451
834421536
403026463
163585141
623690345
386033622
38803244
87525251
589852421
181038337
249317495
735880396
97604066
45935364
105009385
982525913
91737159
617102371
58517354
781662883
860872103
57466726
58887328
791895402
3425181
848487160
920531505
141973190
20236578
560812265
293961644
524489040
473611191
44699778
72377609
73933303
38229302
965329615
540054287
537146021
10294797
643724779
143162950
762534651
523699997
779278190
260906979
591594078
645676028
131269224
717578511
404450520
640405195
602317010
615788646
481171712
858629185
68237122
688557304
756025294
459313683
305658549
344313492
60923630
182445417
851357517
786583313
512738924
529759121
194841444
434822184
342985616
292629742
273975090
947574445
422195721
573028760
376362276
634384654
177113398
512055174
864410830
219785282
495617085
670783592
502542692
177300552
596472842
537588771
975908024
738819814
816850074
528648846
539314797
962976330
981463862
422667375
617738722
970008215
658695482
877585307
8396400
12848517
780893732
173360545
724049798
754135485
28532598
323908902
776022182
636658656
158955030
778862270
253108411
487451826
143695565
958475396
9655734
243389874
921979778
425577949
584739011
467482452
479085292
143594878
872265907
187623040
879914559
333401352
969738126
128342219
324816305
691876072
419928876
806536951
807745129
366620032
115209741
177984046
843771705
531616385
705922128
753383823
349251291
640307084
674984293
219368306
201208094
588673732
700861639
448775183
677788062
435083756
5715034
732388628
77393018
395456020
276249558
735749424
333385609
817628761
887943432
817932054
590752580
34723164
3038129
757985049
792042500
657735235
977952972
173931031
958454009
130805944
177847245
492692772
839241949
395817250
391223609
517207346
397534647
212690600
540146237
805566546
693977934
144469497
786864207
356645394
882755158
544391718
235197106
866500483
29065674
188987256
716393367
487138758
821249783
833486513
46773827
603487384
333482772
274682507
177985740
588910050
203739164
475653401
108392531
267923992
953543105
164084249
517469825
386971271
222908952
347096678
321198496
145594045
342349336
148439114
351771465
446320999
747374183
737976416
899809306
274219973
402057961
133978075
27404607
428024214
924724182
436842166
945560853
142056844
473432489
616888210
681823801
639782134
428424989
485088582
611541804
12517914
450437784
897128432
792854390
498593064
671086947
563472147
425560333
492154006
37527651
465730777
821698312
661062022
839014010
354944750
629700929
375586208
63925529
218395626
447812638
572098143
927153846
710358792
867515375
578866834
360209485
681762096
542897822
363723868
109713569
163666825
503512387
246347663
782286188
34825994
442075558
555661087
195754317
990511475
946572537
569882089
961069968
119243097
17659436
958041108
722234616
640494079
886019885
974590946
275309378
603564055
266017009
537018109
477072796
737009252
933152207
34076968
119704897
670606407
122933156
205451911
125646386
406186779
438587851
103800858
407667582
70388156
309298761
661283567
672311513
769061660
411471638
87890292
460131140
404163944
404012637
501641682
216197173
410389388
270711376
790868919
131793912
44210261
417216217
756681579
195924039
704747355
626419430
352202160
272163012
305342236
382496354
311738335
463306772
903489685
435059186
150696365
887537393
229561792
569369875
892950939
741452932
699300834
932976152
282617932
792268163
752588244
975963822
473959446
895520813
339446381
693065274
150656518
288414446
713129578
383700617
317984716
923136508
74684790
722640438
485844860
611142764
825038008
397570737
259864666
556324488
552275800
833863729
158703505
274524722
467478253
328035644
868675759
743396294
276821435
678469727
662369016
73911619
893926693
429930998
980763347
646962021
502981515
442156277
314093435
196708785
918334353
642682603
362412070
376928477
796393171
797980995
14881747
378957813
43908019
264191256
446072614
293750642
997511781
264315650
897166020
584550453
41980423
515591972
714992913
791330131
552770580
796635837
859848473
344816648
213878815
298718132
110379526
247880977
497018097
823521034
946684956
624868200
153857840
947405784
815881765
982746951
986181582
478555323
824979105
707630451
529605566
702291515
68535247
47024149
475562928
583420897
645778147
879298797
291003043
612063481
156643131
815325627
798922141
76944677
382208308
816253769
350662482
48603085
496926972
626172491
555687237
703048404
917659523
806732160
552742203
527983335
182537992
720627813
74717862
455039024
204071139
100028380
518362815
331547130
669308999
430163059
730934102
6000282
281986335
290242562
141095781
914343137
136872311
104192881
62885441
460866326
897206080
637612233
725221275
658462107
403428490
247720966
745838682
904019706
338251641
442542255
672613603
367542501
69188710
802202521
267222037
556450216
59952035
999579158
266620275
522482771
675307434
923925819
666139144
481305879
672702210
742477099
895007621
439454192
52497689
12724350
365148038
989004759
70689513
976625707
224558952
337741455
246611677
100717263
328849785
555735792
64518697
759638702
851292077
350040089
753726279
14826027
760175517
90909450
756949695
347033273
506635264
24560370
959432029
410716845
598406233
845832568
695550025
301205375
450619156
240675222
427230924
948332735
84864299
469558548
67726981
778602358
224132010
561016462
681277145
677559841
913305916
302241769
790667747
359890458
126381197
13845311
898665394
77307563
518324889
869767930
712599961
485171511
989270770
385601967
681394671
619994207
936196591
732196963
731848721
236931221
171706728
977428024
251213672
347810836
490768956
374235126
444256619
660051068
364251923
242841730
298947927
975108260
357898777
221801867
200046679
496863277
197124812
321466753
438216285
723285455
471704951
404582541
677654092
506374403
44480237
285891704
972373303
676841392
56583912
763697362
26785025
206516999
961198936
810296977
402075561
308235147
79054340
675574291
756690709
369815804
483205280
629120831
322846763
760296324
771728795
684943343
768774788
265514008
681156514
175936837
796398626
789630766
396609005
80044842
923858784
79363107
705747854
370846727
74036795
305445463
928283445
529142891
716031533
984643137
389381921
157803622
619447732
76547592
585778043
229362618
111561479
610684101
309216742
227662548
707335211
44158484
788094102
747294937
102015863
50393557
637998244
466281589
764736338
631110325
185448621
213952072
489363282
66873588
164339369
526952149
45567019
668527817
591333350
180160982
689859621
375463496
544390958
365498805
841947631
257232261
734696518
232579259
297910935
183277941
302117900
183998471
626246987
536126908
262227454
824996966
819732232
614234415
795394914
360424312
428955128
611573382
601027184
677757696
834673678
227572498
925560368
372127716
393446900
771924752
519436655
837846617
59253060
488278686
99152447
865421273
585090858
96080517
99036607
757945776
136208362
81408909
879125339
519286592
255046806
659871204
751483045
852895534
959569846
449218772
264680264
122643424
222780198
572659297
496315731
987719708
285558262
97195768
471595874
264025677
429089432
633763222
414481711
777519025
799578009
16610801
380695009
67509215
455020360
62075574
852646123
862178585
629190848
31758175
93181362
590047069
419909607
529819121
600264496
674356151
253244633
84269254
677605135
3209877
656823651
202239536
789202202
672274739
231871174
687184980
467934418
822404447
794052896
342307303
24900767
131585258
466873265
795596298
438960837
952554355
115102775
575641587
30916510
885316086
942891914
498891939
636772248
896234204
658736024
782719258
956194474
65687072
5539958
681428476
852116810
519593888
308301878
278090518
874601286
450477534
205914907
477879915
196386291
468994991
914333997
884045045
958351442
705932905
622238710
516960900
170017049
391329606
6275347
965006026
399573379
442400765
185499450
38288216
291353851
310220070
366755228
56567553
823173895
857148829
911145377
795837680
724457845
83539075
272093014
478235701
792361587
850238509
306305448
145331234
823755428
773251723
299642445
939234858
476001889
12823677
311101464
541162598
872238975
778349187
438716718
775687284
154919858
358044164
269455837
315683237
757349518
943722928
943208673
843549071
579135802
241117854
947681035
570508103
673241586
445703745
160767505
401754641
388002094
265110808
975562744
359379049
50869004
293864377
431474638
551100233
444002825
726832771
709409322
766613111
958151789
574357941
834401401
235576611
758886787
350407148
733365218
221239506
163745946
375272405
361008218
225408334
157273791
744990610
731933845
545309300
433834281
473268826
744173761
159413022
531386234
997358893
354433543
782082214
382321986
749285235
454257696
473807731
814146607
793606275
781454797
275616811
562637168
627370341
57147893
335867984
234200999
923069851
257549670
177915923
862699253
833161763
425954026
802626574
869164287
8200484
312265382
555759206
769719573
823977571
297181014
452826719
617926033
302585321
260877345
332651133
615616391
901250329
198660970
563780143
526658427
50835174
51443650
383241299
324308290
262680411
850023974
940258712
646776851
90258192
225677236
456499703
858203038
66172800
861843829
234690859
108942567
909627638
300797028
959149812
859280017
954021105
90976842
765812093
310293605
12941809
203578036
903358716
885416019
372138501
47691168
775784866
575477451
935442317
913406721
924831504
477149184
389440629
126373887
54872413
348080231
9147865
279942023
409962530
639566328
592951385
679654503
458760773
531422889
647307277
386024775
160574425
86880589
922465733
812079820
553173522
260874701
736680977
361677734
963202210
173962251
118086767
55768476
581557263
865982834
731451425
861551029
468979005
835727142
563504074
802821645
538402228
598944089
686545921
379169896
620160918
913758178
105507614
109846900
949636747
767975550
84000907
765894859
329500988
158572164
363119578
876027106
131977898
3153231
450784549
90954445
608596278
170858265
915437862
929888501
133199284
416238340
722921806
816634480
992150851
84268852
615458109
737171022
761101211
987393523
570069683
723324230
309559406
750928875
453192834
669601397
867165554
652706227
935827915
973495050
993420958
554414855
11064395
146898643
605431281
373500610
638698998
959695536
633742819
683987443
875177890
56334716
765722423
776709487
575272121
260005527
666619005
982679863
751255842
527267779
21364932
567951414
885751393
196770685
558789994
276718094
818110780
647838596
472745849
850349666
621074363
545805870
599501263
194775673
798879661
401009273
427511696
430786592
164200733
264884325
756790049
123601789
265678404
204260592
199071586
299808250
574808763
541311333
8743588
239804219
723747456
452026037
714308889
171899255
997940945
941602977
686324089
172482054
980708106
80857758
157964455
20089386
386750084
634742330
696842670
7562708
557342028
995820989
581340593
230412202
523558905
446742594
648907705
925647499
22384188
148615119
760858546
128943705
546973628
571335124
66279031
851351471
276978509
8618648
65874519
476765489
723799512
343652908
918295909
219852558
415459622
229376384
116003499
349569021
447780862
383226503
498995456
193827770
150057476
614500327
629962657
516841997
470647263
498576381
387017724
15241295
417149994
110815595
396767085
279653695
60638580
655212235
840324052
287081523
243322896
51702604
286933629
624516464
685812318
362664919
893023391
664168593
741405753
187798046
396443320
332846034
818874558
507107050
603673938
708629495
891524568
946571639
423679752
371443170
734170364
208247024
817264449
176172716
153461233
614914353
137872066
577781519
322850595
743253555
25738071
612524097
518497282
755011017
544722706
229411352
766632494
602081301
77698622
994106838
57419298
787889616
479345091
856264185
441888249
556716828
633112921
130026886
414739642
901892028
202558898
274646984
825274442
738312438
167403230
642425063
218123532
553507361
237344425
201556582
155531141
164263261
893993997
619296560
81777394
704729620
323282137
99350326
777111072
288059254
299522483
697703845
119574736
109699013
202983008
854594722
887746395
344975488
922639269
622840217
361687661
669854340
286393818
145638851
276368401
760012624
255909310
152003705
419446458
262534813
69694678
598686991
262387753
144226679
48851688
982484132
658538912
232695880
476686182
446435336
27134145
649712502
932154557
255162650
677478355
242299395
664406007
603664459
144443746
915924628
453856482
11294131
608639496
722185708
908435487
643075410
359713364
433689447
980704459
183315318
136673762
709328510
729445503
324825321
816482054
6642110
569561721
337655899
22231626
442490664
692649386
422263062
121913095
807398992
701576890
897339580
978978075
434247562
796739858
32360018
895980107
938578308
996517637
865874413
432425192
79380088
837445022
999798680
579372898
409261771
727054144
94918320
569989419
276723021
745693490
681817480
537391290
442175086
55567840
765630308
191109824
212242820
942311023
491687517
904005721
243947398
623117595
153874161
431001568
257335008
297435739
646141276
106896160
107280191
72564871
612652468
562586795
754109561
345244422
175467511
172454628
859518358
92239983
246433880
646159234
181968665
713697090
496619283
522935838
881283147
919799501
906727703
866183249
256646465
45624109
823649992
63692127
213468967
767352640
882876432
280518464
802440289
5583640
347954977
587785670
266864462
748910093
987548110
10411796
586649331
164531147
538328566
692505423
647246001
402681310
935483669
497057136
169460855
342857464
464236033
452705131
802280176
282357023
62486937
553314789
920248473
833004882
816123253
262925011
947029434
173634500
699131421
241622223
781089938
166375981
912743968
980680168
463006468
184938300
515268070
981878106
244853257
856548114
226880711
249594607
495891497
733997089
788732460
61745194
354067680
72411499
260839519
634514323
681614566
150693504
681332333
22787414
362351148
462499417
905343912
880382216
900620394
353788843
114396884
952853225
542502015
953075004
839778281
318408012
623600667
637294044
888035420
166443821
899792422
715608784
77063233
573838819
51542206
564151242
92494620
957983872
648001405
630135801
20718120
441599181
413054039
45636748
627515373
851332890
806778802
480687410
448758825
324504664
607910596
863140085
320665917
990454659
682015465
202735189
495074517
351399803
267854054
517345046
433721449
479909112
647344489
72725628
29830086
949816841
618739107
321169813
969310311
237911014
799837385
63124162
143534272
634281290
925467257
377118571
182108541
87314381
540870354
515935152
867083563
184888665
462734483
374279259
920573830
67192748
849719102
521927309
549406631
926519077
152744887
459577525
419499944
417753548
581721553
982341540
917633893
649512293
312765706
998506358
943250234
78659063
129349139
810419779
178093937
741434680
44889237
403715567
641587509
148420223
986668360
617952732
649523238
656700680
855333814
293996284
361267230
317182058
720530121
52271617
585024191
2727209
483229416
193937045
868551519
977802059
191579514
45849924
41939467
893537536
147795577
841248749
935997101
41575515
624307479
481864898
894332904
430564647
731251103
273930449
897888255
591606677
270712338
946667289
124813257
589826347
516598695
995724449
713434462
372007002
189652847
56822979
670725572
436642865
581918548
386169436
626485353
461127797
52910228
695268651
837944598
846825088
414224199
458284119
274437873
253952707
957659401
517838479
502234126
470955714
574907116
217666642
779534807
511965323
974288345
225179693
430944786
896348917
167545489
52937434
296077570
895869695
669615458
689429014
964200884
791969058
974157744
158833928
456110863
352010816
104905193
525247504
183064847
181813774
399853233
666512940
367837408
567291962
947188740
862159884
523542498
655791600
39776196
100763102
620931302
932073442
252894294
177684331
555387898
76405592
319595009
92614052
375435797
428177489
410025549
545662903
767567674
912672673
796159318
511803647
715432596
934228609
790150990
724815946
254465402
553957461
919135660
245092039
49112529
368555393
723859306
826274685
335827445
228785576
299783181
408373365
99065547
152266275
753514877
715896493
259215906
367663582
925428119
799306890
394361630
228984271
392170425
91534147
626797331
655752688
566817247
697097893
658264535
630919823
611152355
681809920
852043627
863644203
500505585
247415118
907189154
343978577
556747860
30387692
163334209
990501172
589936250
114551256
641458889
123175407
331718013
917532683
594613538
54830211
921185374
671185292
51143337
146089762
357948199
671305946
240394089
244450474
87714023
523625749
32033416
118952591
116393359
714168307
886062844
257106419
385331839
166768069
933403338
902098186
592813294
888242836
990877650
284361599
893382404
565609829
661361331
608251024
370710163
411546764
494308964
90031113
249912827
84608332
671553930
718006591
31573846
182726303
816039974
475585025
680822716
725015897
812329008
958774510
504625843
566415723
691472288
88492173
22531760
467406829
770431282
446845259
623132545
359529091
398143930
690950243
818981336
377724269
260784308
808316827
198381633
241336408
736623294
455779926
985800197
196157377
908119370
866068794
174512156
864243977
432837799
599876792
928617482
92238967
828532912
141891650
661678628
875483556
667365662
436423793
750427513
333296757
533256658
16844356
611749919
688927577
705403473
173725472
105583366
436360816
626298670
744007607
103430466
387748276
809094763
23916229
525488839
70267119
399755548
143050396
758982744
425671394
643786009
71478690
154563721
645554725
522656273
263184876
585136895
758868957
154270614
83019390
224661905
219765726
442073516
631009212
758431471
596981585
246184337
784783871
809693130
681555845
994954860
875781490
445793846
464895571
724851656
642650380
214709790
552408250
709057025
941989791
34165957
337423010
286110760
609370398
359140772
839989843
627988777
549920433
121482556
930569611
195199160
471424674
518134831
574892328
108391622
993977207
659968698
17674043
715202840
311889730
922322863
768386430
561170779
262152181
280002056
247783737
26099120
157705569
517418472
383832203
531812285
366952634
917262681
645111760
890665890
228513310
379770496
362881468
740259235
277784126
270188329
255021631
231611143
812859185
427876149
674247466
293621324
710530953
185473855
139147950
984084496
490231392
277605005
222471356
532671145
958319279
34381167
538542233
187914692
417709274
759210329
158248070
441398737
36717179
136090083
236323937
388300414
200235008
216090298
663580181
544829595
397806393
468332400
20595336
125639289
109580671
701807909
141175229
912867026
904996994
544497600
580564144
687851328
611768318
307474389
196683080
952498341
815915831
484795145
534029858
332960910
93778812
753165340
248903321
513544624
727570757
580434494
695661394
433837836
575904263
869810195
142360157
703151282
601616188
535330260
615344825
867140971
135456071
248420125
521072872
578140727
988223736
133675567
348844788
453506953
246667361
214408174
36734059
467624709
701665846
783454279
910926640
663098646
878847517
285706988
640314405
396556145
441831932
738990325
808499365
258973192
413528698
729674341
637194473
551444610
764685443
325177917
620308915
562018823
103694200
998193624
218682438
740581701
27212297
37013462
386840902
430062671
486414974
600660053
617313071
23869290
109143702
853826900
699743590
400702870
702464383
489184584
281593900
41813197
195285435
241310216
869584549
548420163
963186767
720563830
13871170
162437688
837882490
824414542
957570503
616130301
865284211
350957342
790277168
620536481
432682939
591302109
431597444
558983097
702387867
484595622
372814829
638827020
772422331
726438758
299975347
832188258
189128597
989325046
610312936
34035105
838719771
458030090
981888891
923276659
339672189
213173206
852399185
814468646
51327631
702961537
191567480
47866107
278940356
336396161
633123769
206180515
731085770
492054336
491831417
407375140
622050975
410533540
374731874
944709376
469044
122545198
609293986
286744789
68936033
932714259
516916536
987789269
579506423
698353491
850943563
187543785
163271243
317649009
311311535
959118459
402962398
648272152
894980025
528622705
674888709
196567165
263079138
806045743
203672490
456833537
865986974
943531385
585008395
597541250
299178482
949165036
182223677
904872849
505577027
382737860
221683597
862127561
5030263
854159106
129015376
642427473
778760258
188131971
617538857
407558375
691963249
843107861
5484346
715841070
516290620
88992007
713191165
120350101
133374229
351474916
647272922
68859811
978160609
400535516
684798973
930235654
614408436
532010983
896239808
978812157
69837281
197969736
225929192
56945102
684819206
661099834
665959720
447463708
981426653
279797582
476286199
474100054
81674068
796746410
458149651
464914444
381147538
37614084
990808604
579227973
66087041
760768991
927350146
203209324
245733490
984706047
452562032
920068765
661111900
971520348
627177198
786034722
671998093
279977667
882546317
9798633
100946699
116158903
530688385
455851041
507511765
281805402
671655626
665968988
502502604
307657850
794328918
531643838
601188869
56113214
519884559
758566978
479478034
354055464
157041480
766319189
167458154
840205340
118430248
471875823
720435641
188960932
234843124
89983448
861050081
446853028
782366265
489650436
701847718
276693922
497690481
34990277
245559992
146127006
661290984
967887116
759939064
870784621
605092272
499242523
342139862
753501347
796986794
372879762
783766149
380852889
516956984
789767519
653215723
841154676
218783156
811386008
470216370
580485753
349175797
726641817
739013655
256082192
368120556
524071756
711541970
388785192
133788212
461180731
36010256
554300738
121355490
405800652
418123740
352653073
768887222
316625108
147547803
166738111
843170266
574450073
618127424
748624725
537249327
415883516
911192978
690332918
968963150
894878333
384727278
978662689
490567373
431577232
754349906
759067079
872642411
316952563
172267417
664015712
251158997
801259636
462287959
600322415
658428384
823044517
512055519
204241477
447661141
153093628
98529766
562272247
303030731
300408895
289909890
386818964
540168640
228339832
673143021
215645267
769512131
381126723
480487957
962908553
506801761
254342807
933721206
782206471
230221769
712836211
455198633
71294849
288630605
797851621
939559403
524884190
115783573
805150580
676352137
201572293
322411326
164169919
108701031
719446994
705894095
53888376
23003573
159342597
795831123
297595084
555413444
95561361
815857383
983675487
27037437
789618148
618661126
623108473
773916932
57846652
78045491
194641012
663647962
992282686
332863633
975159199
793057660
61101272
791314615
901771358
914656391
700717303
628389647
71282562
425590873
678929124
373204329
262749240
309008783
110550534
16135177
947026714
767098523
788763696
16991326
34529726
590485769
57020004
922614915
420279618
212550398
642020825
518588801
850351622
551029093
15255262
22477059
894583276
851213837
418226266
172391138
163784993
768774355
348782473
564377123
223583357
704883855
333271591
398065834
300175297
509570159
153968370
979238147
138025148
515124110
632296861
124573114
773779148
517770523
194186655
715964639
883850353
826407591
270110031
750622771
234572976
449910328
887076021
158793514
502133283
135955406
312472112
367755770
780558004
834695431
922023389
694133580
927689566
470808933
794129597
926088269
451167080
754005539
105885060
847217412
499388485
850335990
161990175
880322716
884699888
180441896
78664961
113432837
357799981
6644332
31175237
399400804
400751192
545012319
406556360
358457798
379222011
605021813
190395504
374035098
10451702
766566455
91659782
290942200
502474447
305804340
705402977
656771245
305434176
156242697
818564504
57806669
256552420
786208618
477162582
661853548
32885021
837018185
303903160
820883572
243477876
630209782
588570072
391642765
542706770
268473391
870460400
463761390
457783332
652257135
565683110
464015725
760362702
355162258
410971091
711331602
481915527
655227276
617942531
272052089
323454727
32064289
402887033
862172175
513235150
343046820
983160363
422731791
721593028
22074032
244742290
478863837
212501683
794312534
370449750
554784046
375136530
213189422
733520392
294401848
533064165
460051628
972401957
366297764
421692286
173187428
977073703
803144222
129333260
113974158
490398264
434625162
632456682
544028847
781960557
352306104
325473101
290518577
13371076
995287664
180241381
506142504
400237380
852745097
452426222
550997127
293161429
721684578
672587399
856178168
964116656
70572161
673804680
802787091
421996138
169010604
575824624
273145381
753941450
475152459
918657725
782228433
871619893
503909052
594264890
686498752
932666145
498062189
711682429
671640345
966507550
901634020
441501479
150037820
712434246
694615715
148697891
324156234
759181992
143199348
335219546
852836304
333282840
831322119
418432565
369669769
475293873
825906950
823199099
439309411
968675112
409312301
551952795
312471906
863108853
324452316
146080606
743418423
101146962
292553668
714750796
742907425
474412890
228214378
196201294
532907611
621603881
312755105
869976971
70996923
147203628
780764954
416233624
191427610
531785489
780695347
349768043
664377584
386076939
863401286
511566667
128280240
748828393
269460828
343195137
835749131
193264761
794897900
283611514
328168600
163968620
501761636
208230377
729009181
13950308
122142975
274923921
238954171
424771192
769416639
118564500
638349529
406797106
315050706
441727752
58521317
544382985
827450096
146170262
96151141
313724780
470756899
688130478
363146999
850517387
74504689
27960684
380425965
9915611
401115715
743386285
883916857
418861604
609772977
702567447
642900737
503407894
767584274
580670260
786599063
584254334
77411234
299898069
572374465
446508340
863492201
802631225
878173908
938863185
998699203
857000060
673691310
915287721
873491462
192958435
870477213
580687992
348625649
44600024
666948005
326544029
927331117
755459122
875496172
844033303
505803518
747573502
280554724
440191520
32593145
479329475
708259644
74648131
544864778
908067468
857309770
231781367
533493988
971983135
661643753
406608384
443320256
727002800
311601557
193938494
897250560
290596850
672406915
6639058
335441301
497263061
648539567
282350390
346290165
702416115
667775925
353434469
83147082
720069841
533088000
456745671
242029732
59882277
364552133
270905617
178407606
488239716
729570767
504823576
17829832
232374742
196624580
37727617
866410958
119929915
864440263
402561232
28181684
297849266
281222214
614142954
759104457
691682378
767705217
503293248
43010590
796333867
831978986
655354450
510631510
949516779
665901350
916035403
510348162
727954197
622200900
773882076
102887713
891186875
917903652
428206640
121135908
969441202
843833725
673323975
326398667
194591463
518541370
79882059
522488283
29271839
321550414
158092092
6891774
405093691
34793722
555442091
210638434
367612724
138724474
193599363
323990283
577740316
147850360
912115539
694726926
31259655
886032839
874569976
416369286
867104466
384138516
277975289
753055062
184564487
52909013
975199090
177077722
347629514
891781626
424925646
450289153
980930035
778570985
153176349
192453181
144438042
503562136
344928333
489139889
41163781
473432467
663395228
267185501
404153462
87158877
596004016
113428746
919874409
367539743
628478833
891954507
528888820
275088751
717294279
720549408
715351459
16562306
612694978
265468361
664557942
41964608
164051855
903178479
676864959
479822717
764408273
740123281
984476255
999579252
419410656
603206825
187704469
370266394
59834899
553323779
761188659
886589300
859170697
211278708
599744379
886967193
36556061
729126339
300010841
914191371
239939387
633485778
535222789
217964
998602971
2682517
754662749
202662635
853818791
679711389
681892033
435118511
927417464
298157424
627622604
239224845
500738167
629911984
282088246
654794598
204932537
191678791
649042231
295537194
252345819
376487182
434455390
706792531
586118504
249560327
790912356
893670603
257870963
619909661
79396642
536008281
834822847
761463600
787314167
668687026
471000318
346473540
596186972
323345068
860190042
626467551
179047229
635226838
989645252
114922368
211185904
733888525
657303601
264802278
617188038
852462683
843643230
76333097
567121025
133120406
136333179
899104759
249277027
916286317
16874622
510486783
942967347
283430314
534605679
999214606
456998364
81119522
989644860
182961959
894481798
368903180
210208809
18604554
295159152
776557828
480034521
819156061
590702360
514738380
374240811
460229122
191886650
135219621
944389397
112581866
956467176
133595939
37905135
396205015
673442887
520759354
912004177
142568310
1699560
835230564
985741111
563270473
628470145
80558319
969450470
522484160
903611080
909744096
213810547
137481278
388278046
601607625
973364966
616290611
748006627
579191526
52290735
643747743
399031262
413393648
772021215
685377125
265992422
769146019
302355096
509005005
884063502
220526412
561320375
604540374
994522689
866303669
265869539
925588454
812492249
817953273
446926649
736572563
678822301
417424466
260447548
933037267
866296398
113302479
477245080
953667162
169048013
753117450
641051600
932304228
929272060
663157331
685602646
914476655
85460445
132068053
924808467
286876692
294479385
405521275
928830753
691464757
772899046
825148836
868738154
815113443
861521337
570791792
55715118
808983552
678973103
893188039
385242551
858165133
727952852
644047049
686684291
83702264
732664160
959439379
624300098
690458503
50156659
867629464
261221386
515843019
941378151
123604475
591064827
865713795
764544839
958389496
512970087
181603876
539836285
843681520
392854342
208522079
696882645
542722010
545848642
991989629
80708367
175213721
133065789
362404552
673152585
277909247
262361158
136839564
125440216
860851310
177623927
519490151
235068734
533442116
628284335
389250064
215604912
598133823
427056325
553840970
180162097
517618759
161740338
516596912
887073568
377809537
302309621
651825951
278392916
573781206
995493154
574721860
218713468
412046050
106286898
494305430
615493149
436044258
768393352
671053574
3550244
882585968
966048460
138692094
95311614
385714520
779334064
90040771
38879659
137841123
810429071
451211564
840606096
188928597
202661256
905239408
587091356
876965448
912538703
813712633
619137914
70850821
298121438
546341346
515080320
509951996
252237548
80092598
872675400
760312691
964234280
785792855
126926485
727229201
25958372
605118628
569826769
534721542
777544770
877464009
403969414
406114956
928685044
143029896
592368583
478431108
514681555
153203190
449190073
117175534
486554301
744759571
328229191
36910553
794895748
387769623
997219350
383709730
123474506
880238076
784255909
896161108
526825340
773657757
443485756
248366426
429393039
147159016
510525660
705613888
629193335
966255452
586394521
552276278
282087190
1869641
176817268
969408947
643537151
574437300
623241499
286594757
497681769
331479578
745799927
985317499
247282224
444650782
333782493
92521557
626234697
322026533
288452457
833757681
208537124
943042778
374856217
97073915
377705301
446976217
743060866
464284156
674117006
925652955
401073025
431863103
30203230
126246573
749848509
247459350
820511689
222372843
610771458
163049274
211168549
424759359
394735864
866433167
264513156
969500423
748685580
72662396
658716089
343868749
393251284
583723157
825914866
646700605
487633392
772762445
813617583
571949552
179640820
568067607
304161201
719623384
601910955
889507706
916731919
527126758
669052052
517701042
696569324
465822450
768530887
812423702
2095549
523692706
34338494
888070197
668368596
274096401
275500944
712211731
734746953
959786494
235834681
733100939
352662912
17702831
160924944
260610534
270444978
583837797
455271628
800916571
603157137
691296198
288189313
302184211
293956134
417755344
475924138
777428542
692151711
621231943
480141013
293260466
153333179
922951388
62472320
750563766
358273062
664329174
63615682
342912381
71666209
588773581
630634059
334803648
309565026
852346878
258950030
680327915
106766162
782655201
687940608
616221651
937332584
102052695
805682641
540229536
531298674
805354399
837446198
889202115
139997639
33618355
610394170
489026644
976318328
69361349
709533299
175514603
487851804
288931952
117842363
58649747
605271334
148633247
621839619
733454864
75970867
438037659
453510134
211395052
287580973
744311599
241380235
171224904
501842882
839181381
527524429
568792082
448320068
634692701
899235173
967779870
773146233
90916119
819130952
389983585
318967390
472584724
885726738
385432739
754273501
709264163
761621224
733480070
852229888
257427545
592598028
152430764
626636447
366507010
845315618
317052763
36029015
322196171
169925083
607522258
125842188
216430404
853561102
771096522
898861123
451432386
617648787
310462236
626148029
441668117
78841924
910855609
648585663
448254076
395528471
791059958
172109531
530846351
374565912
393464746
840890431
417321904
139220329
101805204
347451505
573851224
360791168
533895865
104188990
538254934
506094878
324853535
734059048
267804132
481221620
17031880
912674322
4216743
271883266
92067833
172598570
147247814
987870972
869840018
57150718
901606131
274261267
81907141
343101031
104346092
800094162
246921676
93817808
618794551
740025601
856775003
62161145
189617761
11446732
775420878
39442799
801373909
450421191
45007458
890589311
187431091
613150766
883782032
583251457
190815903
439463636
18450056
242723602
488756651
531364291
929652236
454330530
999111524
953792175
483530000
184982405
477781180
216358747
778294688
934295604
293025114
972946054
163266292
556704908
517958440
910964708
557718651
614013462
710536960
203222813
265718023
143156827
332313462
755400574
586732115
987418855
948863213
761467750
702601576
686122026
893997363
776973933
285956091
461014719
124879391
792857930
452971083
49969481
523501964
878318343
39508808
287885394
805970653
97912787
704748841
556695099
59986120
881518370
273256504
302026316
715757808
288906477
984491444
836288490
624924281
168006378
387783907
783294389
971807355
216595573
287856664
350583986
950967005
366666849
417013246
605480796
670785814
501269617
959374650
44403962
526323326
634617333
20437435
370088448
686229968
120353119
799797780
727655864
945517898
871597773
31057469
357593729
641894729
194396066
802241412
292276057
590274515
414459242
503418247
58137050
558590266
713069575
533093259
494037523
460546925
609174186
963773318
972762822
847984555
239948680
192177190
77923382
243616849
48705698
240938499
893715515
974795170
474220659
534916328
26418141
10468838
136931981
45077490
968863547
9572240
795895459
456269234
439690242
753733838
924461027
625244471
972653821
746430302
562970999
113670823
624745253
538090660
624944203
524335019
636151438
262543498
548994929
152101416
584444363
202769811
842463205
317106681
625527669
558430693
888250665
523657115
255898720
108603308
713914212
732333091
657566062
907355513
463349220
629751440
456837218
184426416
651381563
236102821
477764753
165785388
153787581
446056952
599472273
610772652
400928419
393806564
686305012
165884257
67898529
203165923
264582289
791260129
166202055
355003407
136962260
214977703
701157714
598196353
36980641
758353524
377380944
257147952
495425449
566305661
201863165
203209490
899026279
377796689
400514109
179529080
497760896
756493598
317983616
284096615
974019345
708956034
724802257
300570165
218561590
102785606
618220949
604323073
112814694
26073770
265949869
563797402
941935849
479127620
762582787
808460860
746676912
243243878
987252229
475788413
729335897
424199742
845798908
994643111
127907408
155461957
208556193
456281958
645708587
735809435
593824005
906963936
999212606
446159307
768257058
259605874
746182377
93854016
629205863
244579206
363729983
334365697
825360374
715943044
43405900
825669519
675360763
713409327
788771661
643329179
767488521
115151506
567009418
98049141
454725139
458370736
506558401
562367854
775242036
866527568
357467477
553426493
291497636
164562697
753709887
626823292
716709097
388355943
926745236
205267609
275324026
824308387
775937855
31645313
862111674
344009064
711891005
64878300
200878993
704932342
984231605
426979973
858188402
284686895
161202254
387673884
711590088
929637835
651652020
498738771
901427245
737336569
822510198
460701573
142132651
317882784
218214307
454260971
714203674
245118448
616279097
269881445
822600158
130993715
328557785
541610034
65998034
16129088
476177105
128834535
239467597
68328611
766810205
681825538
212045670
11300193
143780541
5482236
170411298
19629752
524639698
543179993
651555580
870380494
860521390
157086279
405103436
304119667
994855070
27140522
275603841
112769117
150663736
598030499
446926623
394357670
168929426
356537463
35131746
1384529
210189580
277513833
577396435
753886174
327795669
356977644
640842097
193267706
88173709
92842874
390380211
102822457
544528245
723213335
323313346
995772328
915177409
888267504
980127179
739508300
597722376
234744736
364457711
161779213
751879115
430857476
105582949
114657582
405890784
692004570
791242414
494963118
910858828
68978535
331988159
640625628
605315375
340701224
98047830
483477625
503946313
821197814
21758422
570834740
569088106
51820428
351565195
466380998
937592763
727977761
325726465
155388206
540353609
717302678
586746238
279512279
596949920
172264420
709310156
726012711
986604603
908898261
966338873
547987385
458410903
925484855
433746965
999254301
461035600
219746144
820778978
984973440
439147279
518993596
188700622
639060545
506197670
354804377
146636453
235660155
779656593
79319533
945913481
590443237
540847582
352110356
54943239
222202604
370090929
795532782
181352536
501852540
805446126
166263749
892136676
411935175
776437633
791110667
853020776
226898033
25614291
107090933
24433446
26379122
220092611
480570312
941393402
410950722
943808233
208953348
330499523
966082629
275154139
670591120
204238939
618968012
296145376
401142912
283531906
511247723
405954223
451115679
537207846
246266287
438452524
924311014
486528292
539634122
822798719
465296326
364121273
828615770
441552920
320622472
116638668
496554046
669287324
925135993
299315063
453766869
717750858
759025194
436526381
662340295
493969920
481245686
141975240
212050740
915480459
429772335
450243600
912131324
831566297
433825885
39912894
583491704
416451619
731902140
686646421
499325336
256035792
130532680
527541823
335801606
317505851
243858526
212374667
328586057
847742903
607618583
643038901
231725154
22928105
547867024
158049800
321297401
628077538
226994954
150812261
10549422
749914277
949493647
463218382
484821330
841106139
275121916
760484647
419554880
591202638
744976620
851233722
539268836
356237145
528033024
497148204
686967692
14070047
782873201
357057402
653695231
715738724
215944038
930984670
370089830
976460671
884280944
928343866
81238895
454994382
424917992
274520042
771041188
305872641
94372801
608597463
758528456
902898370
477569467
841712094
707911819
931124625
581106354
985515192
846486351
594263185
61256824
231777999
946621008
99698200
63643875
814188597
854339983
715046506
483242141
581093969
696338019
338923002
748208239
116684191
494434551
9072898
82195078
642205102
558506792
131100105
444445351
76135990
198476554
812245860
506367151
224011865
532064591
713390668
147670518
956509055
100013203
758289951
350035552
427802265
941192117
679045622
919769621
954365780
566819485
892277532
167669294
127404393
645647943
538726276
550171722
661436818
271999317
79705467
860544850
632164656
386524709
650195155
715108215
827117072
751401202
621357065
748484407
130777973
310656248
780178291
664330737
630348498
496126995
411648950
94236636
969113151
935278716
324895591
705590858
111389958
635768498
29676915
210921989
881297756
571383907
263479254
279665237
713585165
952232922
961267336
276813703
396707270
905777044
821126521
863483412
129071405
560055135
866700901
33030084
958974783
575982017
878551678
461723147
561416781
870035078
47089674
620463878
618184703
916123443
791762883
285643073
466569924
506375270
758888122
116470132
100657137
977104782
265904680
159408086
441941009
994576363
703921806
816282369
565676350
107247194
377384833
383653966
109831018
750293740
598256192
753852810
715665524
880899896
809862354
499415714
61941583
10637301
22301500
274978155
250333629
36354912
97859478
221852397
102863581
150238527
265249476
255396767
625920701
456921822
344971212
371120511
508739892
329595709
909398781
588265161
301441223
113876475
412998417
410849990
106462977
229766172
828478481
937270161
689893178
719731987
620230070
543637756
160710788
545245340
71996257
290537182
476590304
342461434
105658429
569776978
149974127
980497008
314828689
700048878
240949900
726634092
909689630
671463348
278469706
740890747
894505205
469566412
214096815
369152084
103870433
65748590
362084022
229311697
659612225
579131379
45234242
813095570
817261635
502076761
276138303
306615436
175245507
270886307
736773478
755981032
527185103
577020488
833355773
579878326
574597181
616215612
438983466
206518918
983386741
778075884
47844919
218949876
139150537
334538408
688363193
645219059
516523212
861725172
599792323
68641338
361903971
150030494
856755155
589476666
337306966
211581631
259592437
550064119
788971272
240159053
392126165
910188502
699573418
219115997
57713007
572521035
145968282
806372727
843315953
658510030
299494209
708140737
742289534
555229336
411680031
784544427
347986383
984224703
23652128
331386866
596609221
166674753
30048035
362790030
550397916
471150875
405354018
313603142
632456642
410135593
718173357
182987243
104083414
268954892
499289443
567523058
94609134
782822089
225682561
415229637
421982363
293774621
175807648
731639991
172657796
467693724
192345226
719412976
508808165
949505271
994031885
172616200
428299747
491547583
570472327
818361603
391778833
108568586
666896190
513763852
455720544
351189045
277932219
741838493
403090423
16577147
535936722
24550553
279802058
779578935
187361599
602852659
603507444
112241761
600582891
445210602
901875040
798940868
257654406
84883649
471952080
777832674
454946404
268327190
128952405
641564809
818110266
54291423
574612056
963863675
184089754
517843296
411889753
724203504
907044012
638387436
245027355
990286097
324327922
713794812
48472045
391772239
230769189
257636056
637805654
483374441
20617073
832576174
478701341
383868126
877441092
366696709
896402549
60505785
241856477
974716753
112421959
996892592
512852770
6157115
17977905
322110694
110866958
908158007
671170996
81619885
476389877
264472704
89722645
311450252
183094494
553347612
718184165
657214184
700399650
746304960
74922215
494514610
896527090
39399377
896395874
225457514
601424438
640211557
684418824
133739546
762055169
241129984
431927493
91051463
137300638
404283627
537989413
180462326
141123683
448770743
555956314
869834985
174400737
843512718
2081171
217100454
171625117
877746339
556608757
871303566
268855673
223579461
886218698
908088606
481801100
872390271
73490152
825024022
549383836
122035737
868559444
740294535
85807692
371256183
762203774
362381545
503218772
773848322
648188564
31008159
750082907
723949040
881139903
60801178
235953024
677607486
866483433
424129282
200149101
911410338
483094067
888813201
264657667
799024148
374387882
86047725
177867802
277988378
772588262
878115651
291230421
752734396
907788574
864382234
159902782
656171306
968791417
927139296
680968499
592363544
982434538
339513452
303007533
561402148
734227670
343698502
818973797
295604291
183299807
212602688
575259654
769092766
517063491
148806256
305602330
113703582
761727990
115251017
954044281
21343635
725702338
641154434
415346869
563800062
91668753
990270386
338972281
292039132
592303118
751202551
591510180
692077981
149091221
918201165
524625798
133261136
239816132
773280559
612190115
696099572
987950965
337340307
889729572
873205522
15194277
493512732
541475906
847058115
522229193
350847841
618416052
123976132
93806961
53999503
309025708
735348351
546929712
366697604
772569825
5806054
455509051
265617761
425113645
879269977
521664688
264048821
550411418
559465884
669994512
679370571
854703278
603913910
132531078
432932943
2474102
931208365
221176592
103943237
539386841
42639900
771588419
131426420
933881930
249317895
602300588
371695117
927360039
474498127
246897429
84778896
262357897
587269049
235555624
825818368
931974681
986073788
79599229
964199761
864228399
499658938
51145829
568358137
401889064
671927326
921792944
823291392
727139563
904424559
542270888
640693665
662795725
677474562
394362731
137822861
218854486
472887261
855812149
933798427
219643809
487005538
410462342
606827661
842169432
283872653
461510290
322893237
513639736
663072453
439585232
765120538
329889984
487785068
28399877
561996600
743210136
714605835
166701927
340314873
604270496
790197125
747307859
605305105
627590994
139884258
655960839
466690168
544711549
377525859
191328094
297420873
621787589
292223912
419780522
969773505
545339470
346340898
979474743
491309106
151627097
941063947
542575767
868268806
635136101
989055772
42966796
539793143
570797544
285761313
85171976
566786523
871110897
329305519
799338250
403919213
428682330
246874990
773283495
219498387
808709549
74885378
914161540
514842118
660373250
672986012
317219576
40476863
354929234
752015713
600438054
450180957
81182298
364519688
136427650
476666157
148976323
724916381
576887462
648330054
417462716
958126671
26283267
123199513
962030360
119711374
915753601
155696619
899934602
610534594
963754679
285294052
91400542
726499216
49487279
622976792
854636222
193785854
503899557
214284330
794326763
899427533
693090593
637876784
910613741
244566906
980543656
366384332
131032147
608959614
350776195
829626981
495060781
840027018
853905186
256292294
571318897
878163197
871936094
297238228
410686827
559378499
638252222
464450560
517550536
249701609
756847764
631220489
231020860
794783844
932626129
810417527
210416173
397773756
178583088
650411246
66496013
470780074
514000020
213668884
911570125
548941457
931942794
124973741
275732163
36881982
560358818
105771767
21815817
827772879
287892277
417938575
954230411
442358790
768560383
463690546
831326924
257426139
827994323
855803490
470000531
78233919
308718568
338313560
816416251
618148477
632578507
691705777
334646223
895276879
582095396
340778981
311266228
407422300
410278510
924492718
20210615
302279636
797700757
959145710
613453512
476234123
128173505
896419247
283758139
843306630
683286535
453510197
925991734
502096139
366499029
316267852
902579611
190860399
981870071
792058861
568075726
514351962
196112270
395979106
732470873
346846853
325564262
918843341
691515266
612519755
897881588
792753287
750127917
819056507
902374749
157386075
824559250
884710722
251908347
863013364
931165891
465347575
150518562
131103462
77282249
97328385
51140370
736747028
969753440
825031320
735246601
441664007
154008564
545864313
190276228
199399584
336920446
453314304
141306797
809808616
423604226
558324427
18446472
132897429
513592132
18800621
834268512
124927809
396159367
381296742
555823024
378884138
143873633
885143261
524977428
293679411
518607372
106651140
401623747
627386146
997177101
73421565
10097960
26427205
436846194
150818988
354888077
928778366
509391687
107030951
478443886
865420646
694058142
56708587
366476324
953400539
951674556
80409339
182126169
543057842
315073606
987421131
984308328
839649958
16188485
499232659
152485442
320050386
92965166
732231943
268688170
33445062
89013298
395987879
129678141
497189129
516274522
275113007
22623070
996090626
674980571
670594925
535045073
63352503
526653215
879016283
845779190
519543104
421588405
614423952
248122424
160853427
625563726
199292389
19828188
325531729
601306010
458726546
731507042
560466501
70608671
974357164
639572692
230047230
844008457
221962900
975475324
415340533
810011105
949371664
596578812
425251462
74847036
819266123
426266769
767839706
680193160
607180346
263607233
241229556
86944410
622345890
366472953
820634425
958101991
382172179
731996400
59751627
398490889
374853951
684621334
208497475
647719530
196598887
165129409
328807073
133769033
546469059
144457825
433793875
608525328
21261464
307497617
462184482
708920154
664066851
866629055
696799290
194714018
620696850
6694521
410730019
594312870
83645880
785091646
491438539
48008242
342104034
843101202
769544333
841497133
99422793
866837034
115785086
28519476
106235928
403454659
56574732
405745475
444941392
908571271
37678441
80580842
572531805
986772465
15590697
754645744
970474788
139030395
723954658
660704452
831967735
205629152
679792518
646084346
284390673
665860751
376169065
712254319
497803411
846070118
587136610
7882356
15917825
23972810
365999533
628102695
377371567
317365252
726392877
174792824
990228482
546417445
787145467
96708614
608441771
775063974
848931503
102446748
629076967
943319306
160356467
126016078
342381778
482015462
429485710
125294090
32464339
954146795
809832275
569569134
118600715
247602901
375529655
148412177
979993282
975876349
144624318
451420410
196258699
865434896
281308003
651106821
552774353
641587045
921880835
746437559
189891740
706087616
424829202
680136370
651574542
819596179
963562153
578262856
320860571
241608312
72361799
360087479
813059503
48370464
581434087
422394707
778354221
501792965
98231717
139603935
14799186
967239067
888909901
829019269
874966781
751210992
211717303
144332981
672328114
953138060
343114798
175323905
112969838
469192388
247762489
582408491
385270345
591938729
819114684
142806538
686638885
709565826
990108223
377875253
838638231
255626244
467602472
971174254
515253018
178756369
221636207
361950056
937355728
676969473
53967387
917337736
912592977
717446019
578448200
277659630
680061932
97259418
671791194
752341886
930644409
737808906
793205502
186344769
91369636
457226058
352182179
37078463
521056664
597711069
298230352
869189446
342170186
831590015
32591439
998106920
480312784
505929329
43251332
478067070
556016266
717475809
898098737
229571166
377992317
468419949
755468874
855183918
446179242
902534910
18616181
76140473
973062520
546819477
597109215
948716686
76080321
311700839
770795057
884221023
402162626
78041944
402017044
252793243
476783762
565611336
900242702
352588899
595574823
476050878
121040147
80323834
903833940
166706740
987444399
86582418
988174820
34370364
202937765
182498970
631437654
558901856
241344659
921206504
895957472
515051095
872909155
810931678
820119911
323120537
659701339
477164418
379676659
967043242
216601431
878844631
568713218
929150467
820157239
206737769
539401042
684435848
284879110
34483963
926274051
527220488
707389793
236374089
406951685
716209504
746337598
206802448
578294370
593954308
720141481
501944460
862764043
972161270
142641650
594639851
375384966
637498778
90374335
237703580
738832766
709564703
4338609
579182177
694959821
621432592
865501599
186149302
155208587
977242568
455901069
967015174
700404256
549673958
924564461
494313539
909592484
793449581
665512827
713399248
601681921
485334271
593881151
312348380
81185163
234735147
297153373
167929678
505614113
884182405
333471605
424037722
125131952
78723748
713443170
120576137
968720497
478893649
681257554
439993169
797883278
350185903
979258734
213013217
232162214
155348879
537120552
197907444
370804962
435152771
60974489
883162304
691298216
717614430
252813098
812939947
586604169
451795321
394524464
24859557
836279823
26140035
539312476
631091469
174116948
197984284
293489620
294961711
629575871
767891436
507882496
382629343
286894033
636899151
227319757
369662859
697845856
265413838
788902335
753098468
589409165
911410715
628592274
520370893
511090059
438211378
828288018
11517316
847802711
405209176
429319
412974754
135133588
826214885
110324341
26180782
183075322
220455070
556764588
934271336
9872384
729219475
431779747
759635980
828698715
209149171
953016491
588578738
733505277
93175466
547461007
784490132
837397595
747065574
173493794
688358321
171900637
134507341
363576256
577813670
568414682
418047838
139337441
407368202
963731994
472026517
652577229
485922265
432406112
260159952
80106346
621699346
898903439
937919567
375608671
457117962
659179817
760918061
627477555
340414341
981759807
410887221
553513961
636574987
535397575
429524421
63443775
653752615
551808287
552041444
482682278
276607053
423936225
125937095
354149505
667814701
385828643
356384760
845335627
910076869
818484096
623046191
394235652
154222279
58302283
725520956
464481996
20336207
459671787
486295694
597380586
460245934
144683621
235615521
26426558
578114649
735884073
456590347
479239114
47491981
801283129
723258174
10059862
531591682
2242680
749180003
758601920
731292737
607996782
191641746
797074560
634472231
677048920
100846854
983300986
995185987
174688376
312945992
145123493
698183040
890853777
815083876
241041366
816199689
465280043
241598520
901454713
534182937
27002939
819512605
153280151
439379857
505186876
198773565
994105109
675980721
767911411
303821079
814792968
183638447
622251850
482926302
908308422
287548254
492614297
898646115
908850832
284423030
777946437
996720209
21515091
112595315
663954554
416931774
191970176
278521355
905769457
659658906
388460989
781486407
185645680
970340383
114123405
870241874
451091786
770646098
700382618
486153597
914110422
393096671
377113782
276393119
966351807
870019751
917000737
59528303
965157771
458772817
936633790
410143187
194890233
161705853
12423391
232771865
551541219
823607104
716650154
25872486
124451877
512632417
195660450
339736625
771536986
637135998
184167078
46999944
285330136
840540068
546818368
633928260
228191926
182547406
128632917
508327504
756272938
869395610
232014965
618952291
26669272
300507973
621684691
621808628
400853799
289293815
471070260
307414175
593449190
838419237
187438978
211317673
98754236
973426590
602113581
560740796
10644775
378384305
372704428
371431578
657057840
269653699
149808936
710802794
771198942
252324054
772063237
372146482
437977151
599176761
376496142
853110071
74197730
271499959
932463421
201477938
764002744
157939551
471054656
155197039
47625903
658012158
360178424
43549262
915491922
334454881
494623072
108104717
996215473
650890769
687666187
332430894
848200194
630815025
991413153
419551027
410603121
27139409
165953619
96222616
928025297
262275189
411983499
778743513
135800388
991137033
982807889
456197347
45904832
592782817
828841809
490842486
236920034
142461526
334339585
619771379
386664259
46727101
778673720
531519169
581017190
871225150
448708801
477436171
558304217
27816910
236391579
763652697
564258866
658091940
206099314
629020230
917955603
372614598
349624185
69762345
179198486
694816598
887023605
809431173
